generation,rank_1,rank_2,swapAccepted
1000,1,3,1
2000,3,4,1
3000,1,4,1
4000,1,2,1
5000,3,4,1
6000,2,3,1
7000,1,3,0
8000,2,4,1
9000,1,4,1
10000,1,3,1
11000,1,3,1
12000,3,4,1
13000,1,3,1
14000,1,3,1
15000,1,2,1
16000,2,3,1
17000,3,4,1
18000,2,4,1
19000,2,3,1
20000,2,4,1
21000,2,4,1
22000,2,3,1
23000,1,2,1
24000,1,4,1
25000,1,2,1
26000,2,3,1
27000,1,3,1
28000,1,3,1
29000,2,3,1
30000,1,4,1
31000,1,2,1
32000,1,2,1
33000,1,2,1
34000,2,3,1
35000,1,3,0
36000,3,4,1
37000,1,3,0
38000,3,4,1
39000,3,4,1
40000,1,2,1
41000,2,4,1
42000,3,4,1
43000,3,4,1
44000,3,4,1
45000,2,4,1
46000,1,2,1
47000,1,4,1
48000,1,2,1
49000,1,2,1
50000,3,4,1
51000,1,3,1
52000,1,2,1
53000,1,3,1
54000,3,4,1
55000,1,4,1
56000,1,4,1
57000,1,2,1
58000,3,4,1
59000,3,4,1
60000,1,3,1
61000,1,2,1
62000,2,4,1
63000,2,4,1
64000,1,3,0
65000,1,4,0
66000,1,2,1
67000,2,4,1
68000,2,3,1
69000,2,3,1
70000,1,4,1
71000,2,3,1
72000,1,2,1
73000,2,3,1
74000,2,4,1
75000,2,3,1
76000,2,3,1
77000,2,3,1
78000,1,2,1
79000,1,4,0
80000,1,4,1
81000,1,2,1
82000,2,3,1
83000,3,4,1
84000,2,4,1
85000,1,2,1
86000,1,4,1
87000,1,3,1
88000,1,3,1
89000,1,3,1
90000,1,3,1
91000,2,3,1
92000,3,4,1
93000,2,3,0
94000,1,2,1
95000,1,4,1
96000,1,4,1
97000,2,3,1
98000,2,4,1
99000,2,3,1
100000,1,2,1
101000,1,3,1
102000,1,4,0
103000,2,3,1
104000,3,4,1
105000,1,2,1
106000,1,3,1
107000,1,3,1
108000,2,4,1
109000,1,2,1
110000,2,4,1
111000,1,4,0
112000,3,4,1
113000,3,4,1
114000,1,4,1
115000,1,2,1
116000,1,4,1
117000,1,4,1
118000,1,4,0
119000,3,4,0
120000,1,2,1
121000,2,3,1
122000,2,3,1
123000,1,2,1
124000,2,4,1
125000,1,2,1
126000,1,4,1
127000,2,3,1
128000,1,2,1
129000,2,4,1
130000,1,2,1
131000,1,2,1
132000,3,4,1
133000,1,2,1
134000,3,4,1
135000,2,3,1
136000,1,4,1
137000,3,4,1
138000,1,2,0
139000,1,2,0
140000,2,3,1
141000,1,3,1
142000,2,3,1
143000,3,4,1
144000,2,4,0
145000,1,2,1
146000,1,4,0
147000,1,2,1
148000,2,3,1
149000,3,4,1
150000,1,3,1
151000,1,4,1
152000,1,4,1
153000,2,3,1
154000,1,2,1
155000,1,4,1
156000,3,4,1
157000,2,3,1
158000,2,4,1
159000,3,4,1
160000,1,3,1
161000,2,3,0
162000,1,3,1
163000,3,4,1
164000,3,4,1
165000,1,2,1
166000,1,2,1
167000,1,4,1
168000,1,3,1
169000,1,4,0
170000,3,4,1
171000,2,4,1
172000,2,4,0
173000,2,4,1
174000,2,3,1
175000,3,4,1
176000,2,4,1
177000,2,3,0
178000,1,3,1
179000,1,2,1
180000,2,4,1
181000,1,2,0
182000,1,3,0
183000,3,4,1
184000,3,4,0
185000,1,2,0
186000,2,3,1
187000,3,4,1
188000,1,4,1
189000,1,2,1
190000,1,4,1
191000,2,3,1
192000,1,2,1
193000,2,4,1
194000,3,4,1
195000,1,4,1
196000,2,4,0
197000,1,3,1
198000,1,3,1
199000,1,3,1
200000,2,4,1
201000,2,4,1
202000,2,4,0
203000,2,4,0
204000,3,4,1
205000,1,3,1
206000,2,3,1
207000,1,2,1
208000,2,4,1
209000,1,2,1
210000,1,4,1
211000,1,4,1
212000,1,2,1
213000,1,2,1
214000,2,3,0
215000,2,3,1
216000,3,4,1
217000,2,4,1
218000,2,3,1
219000,2,3,1
220000,3,4,1
221000,1,4,1
222000,1,3,1
223000,3,4,1
224000,1,3,1
225000,1,4,1
226000,2,3,1
227000,2,3,1
228000,1,3,1
229000,3,4,1
230000,2,4,0
231000,2,3,1
232000,1,2,1
233000,1,4,1
234000,1,2,1
235000,1,3,1
236000,2,4,1
237000,3,4,1
238000,1,3,1
239000,2,3,1
240000,1,4,1
241000,1,2,1
242000,1,4,0
243000,1,3,1
244000,1,4,0
245000,2,4,1
246000,1,2,1
247000,1,2,1
248000,1,2,1
249000,1,3,0
250000,3,4,1
251000,1,3,0
252000,3,4,1
253000,1,2,1
254000,2,3,1
255000,1,4,1
256000,2,4,1
257000,1,4,1
258000,1,2,1
259000,3,4,1
260000,1,2,1
261000,2,3,1
262000,3,4,1
263000,2,3,1
264000,3,4,1
265000,1,3,1
266000,2,4,1
267000,1,3,1
268000,1,3,1
269000,2,4,1
270000,1,2,1
271000,2,3,1
272000,1,3,1
273000,2,3,1
274000,2,4,1
275000,1,3,1
276000,2,4,0
277000,1,4,0
278000,1,3,1
279000,2,3,1
280000,2,3,1
281000,3,4,1
282000,2,4,1
283000,1,4,1
284000,1,3,0
285000,2,3,1
286000,3,4,1
287000,3,4,1
288000,2,4,1
289000,1,4,0
290000,1,2,1
291000,2,4,1
292000,2,4,1
293000,2,3,1
294000,1,2,1
295000,1,2,1
296000,1,4,1
297000,2,4,1
298000,1,4,1
299000,1,2,1
300000,3,4,1
301000,3,4,1
302000,3,4,1
303000,1,2,1
304000,1,2,1
305000,1,4,0
306000,1,3,1
307000,1,3,0
308000,1,2,1
309000,2,3,1
310000,1,2,1
311000,1,3,1
312000,1,4,0
313000,1,4,1
314000,1,4,0
315000,3,4,1
316000,3,4,1
317000,3,4,1
318000,1,4,1
319000,2,3,1
320000,1,2,1
321000,1,2,1
322000,2,4,1
323000,3,4,1
324000,1,3,1
325000,3,4,1
326000,1,2,1
327000,1,2,1
328000,3,4,1
329000,2,4,1
330000,1,2,1
331000,1,2,1
332000,2,3,1
333000,2,4,1
334000,2,3,1
335000,2,4,1
336000,2,4,1
337000,2,4,1
338000,2,4,1
339000,1,4,1
340000,3,4,0
341000,2,3,1
342000,2,4,1
343000,3,4,1
344000,1,2,1
345000,2,3,1
346000,2,3,1
347000,3,4,1
348000,1,2,1
349000,1,2,1
350000,1,4,0
351000,2,3,1
352000,1,2,1
353000,2,3,1
354000,2,3,1
355000,2,3,1
356000,1,2,0
357000,1,3,1
358000,1,3,0
359000,1,4,1
360000,2,4,1
361000,1,2,1
362000,2,4,1
363000,3,4,1
364000,1,3,1
365000,2,3,1
366000,1,2,1
367000,1,2,1
368000,2,4,1
369000,1,3,1
370000,1,2,1
371000,1,2,1
372000,3,4,1
373000,1,3,1
374000,1,3,1
375000,1,2,1
376000,1,4,1
377000,1,3,1
378000,2,4,1
379000,1,3,1
380000,1,2,1
381000,3,4,1
382000,3,4,1
383000,1,3,0
384000,1,3,1
385000,1,4,1
386000,2,4,1
387000,1,3,1
388000,2,3,0
389000,1,4,1
390000,1,4,0
391000,2,4,1
392000,1,3,1
393000,2,4,1
394000,1,4,1
395000,2,4,1
396000,1,3,1
397000,1,2,1
398000,1,3,1
399000,1,2,1
400000,2,4,1
401000,3,4,1
402000,2,4,1
403000,2,3,0
404000,2,4,1
405000,2,3,1
406000,1,4,0
407000,1,2,1
408000,2,4,1
409000,2,4,0
410000,1,4,1
411000,2,3,1
412000,3,4,1
413000,2,4,1
414000,3,4,1
415000,2,3,1
416000,1,2,1
417000,1,4,1
418000,1,3,0
419000,2,3,1
420000,1,2,1
421000,1,4,1
422000,2,3,0
423000,1,3,1
424000,2,3,1
425000,2,4,1
426000,1,4,1
427000,2,3,1
428000,2,3,1
429000,1,3,1
430000,3,4,1
431000,1,3,0
432000,1,3,0
433000,2,3,0
434000,1,4,1
435000,1,2,0
436000,3,4,1
437000,3,4,1
438000,1,4,1
439000,3,4,1
440000,1,3,1
441000,3,4,1
442000,1,2,1
443000,3,4,1
444000,1,4,0
445000,2,3,1
446000,2,4,1
447000,1,2,1
448000,1,4,1
449000,1,2,1
450000,3,4,1
451000,3,4,1
452000,1,3,1
453000,1,3,0
454000,3,4,1
455000,2,3,1
456000,1,4,1
457000,3,4,1
458000,2,4,1
459000,2,3,1
460000,1,2,1
461000,2,4,1
462000,1,3,1
463000,2,3,1
464000,1,3,1
465000,2,4,1
466000,1,3,1
467000,2,4,1
468000,2,4,1
469000,1,3,1
470000,3,4,0
471000,3,4,1
472000,2,4,1
473000,2,3,1
474000,1,4,1
475000,3,4,1
476000,1,2,1
477000,1,3,1
478000,2,3,1
479000,2,3,1
480000,1,4,0
481000,2,4,1
482000,2,3,1
483000,1,3,1
484000,2,3,1
485000,3,4,1
486000,1,3,1
487000,3,4,1
488000,2,4,1
489000,2,3,1
490000,1,4,1
491000,1,2,1
492000,1,4,1
493000,2,4,0
494000,1,3,1
495000,1,2,1
496000,1,4,1
497000,1,2,1
498000,2,3,1
499000,1,3,1
500000,2,3,1
501000,2,4,0
502000,2,4,1
503000,1,3,1
504000,2,3,1
505000,2,3,1
506000,1,3,1
507000,1,3,1
508000,2,4,1
509000,3,4,1
510000,1,3,1
511000,1,3,1
512000,3,4,1
513000,2,3,1
514000,1,4,1
515000,1,3,1
516000,2,3,1
517000,3,4,1
518000,1,3,1
519000,1,2,1
520000,1,2,1
521000,2,4,1
522000,1,2,1
523000,1,4,1
524000,1,2,1
525000,1,3,1
526000,3,4,1
527000,1,3,1
528000,1,3,1
529000,1,4,1
530000,1,3,1
531000,1,4,1
532000,1,4,1
533000,1,4,1
534000,2,3,1
535000,1,2,1
536000,3,4,0
537000,1,2,1
538000,2,3,1
539000,1,3,1
540000,2,3,0
541000,1,4,1
542000,2,3,1
543000,1,3,1
544000,1,4,0
545000,1,2,1
546000,3,4,1
547000,2,3,1
548000,1,4,0
549000,1,4,1
550000,1,2,1
551000,1,2,1
552000,2,3,1
553000,3,4,0
554000,2,3,1
555000,1,2,1
556000,3,4,1
557000,1,4,0
558000,2,4,1
559000,1,4,0
560000,1,4,1
561000,1,3,1
562000,2,4,0
563000,1,4,1
564000,1,2,1
565000,1,2,1
566000,1,3,1
567000,1,4,0
568000,1,3,0
569000,3,4,1
570000,1,4,0
571000,3,4,1
572000,2,4,1
573000,1,2,1
574000,1,4,0
575000,1,4,0
576000,1,2,1
577000,1,4,1
578000,1,3,1
579000,1,2,1
580000,3,4,1
581000,1,2,1
582000,1,2,1
583000,1,4,1
584000,3,4,1
585000,1,4,1
586000,1,2,1
587000,1,4,0
588000,2,4,1
589000,1,2,0
590000,2,4,1
591000,1,4,1
592000,2,4,1
593000,2,4,1
594000,3,4,1
595000,2,3,1
596000,3,4,1
597000,1,4,1
598000,1,2,1
599000,3,4,1
600000,1,4,0
601000,3,4,1
602000,1,2,1
603000,3,4,1
604000,3,4,1
605000,1,2,1
606000,1,3,1
607000,1,4,1
608000,1,4,1
609000,2,3,1
610000,1,4,1
611000,1,4,1
612000,1,2,1
613000,1,2,1
614000,2,3,1
615000,1,4,1
616000,2,4,0
617000,1,4,1
618000,2,3,0
619000,3,4,1
620000,1,4,1
621000,2,4,0
622000,2,3,1
623000,2,4,0
624000,1,3,1
625000,1,3,1
626000,1,3,0
627000,1,2,1
628000,3,4,1
629000,1,4,1
630000,3,4,1
631000,1,4,1
632000,3,4,1
633000,2,3,1
634000,2,3,1
635000,1,4,1
636000,2,3,1
637000,3,4,1
638000,1,2,1
639000,1,4,1
640000,1,2,1
641000,1,4,1
642000,1,2,1
643000,1,2,1
644000,2,4,1
645000,1,4,1
646000,1,4,1
647000,1,4,1
648000,1,3,1
649000,1,4,1
650000,3,4,0
651000,3,4,1
652000,2,3,1
653000,2,4,1
654000,2,4,1
655000,2,3,1
656000,1,3,1
657000,1,4,1
658000,1,2,1
659000,3,4,1
660000,1,2,1
661000,2,3,1
662000,3,4,1
663000,2,3,1
664000,2,3,1
665000,1,4,1
666000,3,4,1
667000,1,3,0
668000,1,3,1
669000,2,4,1
670000,1,3,1
671000,2,4,1
672000,3,4,1
673000,1,2,1
674000,1,2,1
675000,3,4,1
676000,3,4,1
677000,1,2,0
678000,1,4,1
679000,3,4,1
680000,3,4,0
681000,2,3,1
682000,1,3,1
683000,2,4,0
684000,3,4,1
685000,1,4,1
686000,2,4,1
687000,1,3,0
688000,1,2,1
689000,1,4,0
690000,1,2,1
691000,2,3,1
692000,1,3,1
693000,2,3,1
694000,2,3,1
695000,1,4,1
696000,1,3,1
697000,1,4,1
698000,3,4,1
699000,1,2,1
700000,2,4,1
701000,1,3,1
702000,2,4,1
703000,2,4,1
704000,2,4,1
705000,1,4,1
706000,1,2,1
707000,2,4,1
708000,2,3,1
709000,1,3,1
710000,1,2,1
711000,3,4,1
712000,1,2,1
713000,2,4,1
714000,1,3,1
715000,2,3,0
716000,2,3,1
717000,1,3,0
718000,3,4,1
719000,2,3,1
720000,2,3,1
721000,2,4,1
722000,2,3,0
723000,1,4,0
724000,1,3,1
725000,3,4,1
726000,2,4,0
727000,1,3,1
728000,1,2,1
729000,1,4,1
730000,1,4,1
731000,3,4,1
732000,1,3,1
733000,2,3,1
734000,1,3,1
735000,1,3,1
736000,3,4,0
737000,3,4,1
738000,3,4,1
739000,1,3,1
740000,2,4,1
741000,3,4,1
742000,2,3,1
743000,2,4,1
744000,3,4,1
745000,1,3,1
746000,1,2,1
747000,1,4,0
748000,2,4,1
749000,2,4,1
750000,1,2,0
751000,2,4,1
752000,1,3,1
753000,3,4,1
754000,3,4,1
755000,2,3,1
756000,2,4,1
757000,1,3,0
758000,1,2,1
759000,3,4,1
760000,1,2,1
761000,3,4,1
762000,1,3,0
763000,3,4,1
764000,1,4,1
765000,1,4,0
766000,2,3,1
767000,1,2,1
768000,1,2,0
769000,2,4,1
770000,2,4,1
771000,1,2,1
772000,3,4,1
773000,1,2,1
774000,2,3,1
775000,2,4,1
776000,1,3,1
777000,2,4,1
778000,1,3,0
779000,1,3,0
780000,1,3,1
781000,2,4,1
782000,3,4,1
783000,1,4,1
784000,1,4,1
785000,1,4,1
786000,2,3,1
787000,1,2,1
788000,2,3,1
789000,2,4,1
790000,1,2,1
791000,3,4,1
792000,2,3,0
793000,1,2,1
794000,1,4,1
795000,1,3,1
796000,1,2,1
797000,3,4,1
798000,2,4,1
799000,2,3,1
800000,2,3,1
801000,1,3,0
802000,1,3,1
803000,1,3,1
804000,1,2,1
805000,2,3,1
806000,2,4,1
807000,3,4,1
808000,3,4,1
809000,2,3,1
810000,1,3,1
811000,2,3,1
812000,2,3,1
813000,1,3,0
814000,1,2,1
815000,2,3,1
816000,1,3,1
817000,1,3,1
818000,2,4,1
819000,1,3,1
820000,1,2,1
821000,1,3,1
822000,2,4,1
823000,1,2,1
824000,1,4,1
825000,1,4,1
826000,1,2,0
827000,1,3,1
828000,3,4,1
829000,1,3,1
830000,2,3,1
831000,1,3,1
832000,1,4,0
833000,1,4,1
834000,1,2,1
835000,1,3,1
836000,2,4,1
837000,1,3,1
838000,1,4,1
839000,2,4,1
840000,3,4,1
841000,1,3,1
842000,1,3,1
843000,1,2,1
844000,1,2,1
845000,1,3,1
846000,1,3,1
847000,2,4,1
848000,1,4,0
849000,1,4,0
850000,1,2,0
851000,1,4,1
852000,2,3,1
853000,2,3,1
854000,2,3,1
855000,2,3,1
856000,1,3,1
857000,1,3,1
858000,3,4,1
859000,2,3,1
860000,2,3,1
861000,3,4,1
862000,1,4,1
863000,2,4,1
864000,2,4,1
865000,3,4,0
866000,2,4,1
867000,1,3,1
868000,1,2,1
869000,1,3,1
870000,1,2,1
871000,2,3,1
872000,2,3,1
873000,1,4,0
874000,2,3,1
875000,1,4,1
876000,2,3,1
877000,1,4,1
878000,1,3,1
879000,1,2,1
880000,3,4,1
881000,3,4,1
882000,2,3,1
883000,1,3,1
884000,2,4,1
885000,1,2,1
886000,3,4,1
887000,2,3,1
888000,1,3,1
889000,1,3,1
890000,1,4,1
891000,2,4,1
892000,1,2,1
893000,1,3,1
894000,2,4,1
895000,2,3,1
896000,1,3,0
897000,1,3,1
898000,1,4,1
899000,3,4,1
900000,1,4,1
901000,1,3,1
902000,3,4,0
903000,2,3,1
904000,1,4,1
905000,2,3,1
906000,3,4,1
907000,1,2,1
908000,1,3,1
909000,1,2,1
910000,1,4,1
911000,2,3,1
912000,2,4,1
913000,3,4,1
914000,1,2,1
915000,1,4,1
916000,1,4,1
917000,1,2,1
918000,3,4,1
919000,2,3,1
920000,2,4,1
921000,3,4,1
922000,1,4,0
923000,2,3,1
924000,2,4,1
925000,1,3,1
926000,2,3,1
927000,3,4,1
928000,1,2,1
929000,1,2,1
930000,2,4,0
931000,3,4,1
932000,1,2,1
933000,1,2,1
934000,2,4,1
935000,2,3,1
936000,1,4,1
937000,2,4,1
938000,2,4,0
939000,1,2,1
940000,1,2,1
941000,1,4,0
942000,1,4,1
943000,1,3,1
944000,1,2,1
945000,2,4,1
946000,2,4,0
947000,2,4,1
948000,3,4,1
949000,2,3,1
950000,1,4,1
951000,1,4,1
952000,2,3,1
953000,1,3,1
954000,1,3,1
955000,1,2,1
956000,1,3,1
957000,1,3,1
958000,3,4,1
959000,1,3,1
960000,2,4,1
961000,1,3,1
962000,1,4,1
963000,2,4,1
964000,2,4,1
965000,1,2,1
966000,1,3,0
967000,2,3,1
968000,2,4,1
969000,1,4,1
970000,2,3,1
971000,2,4,1
972000,2,4,1
973000,2,3,1
974000,1,2,1
975000,1,4,1
976000,1,2,1
977000,3,4,1
978000,1,2,1
979000,1,4,1
980000,3,4,1
981000,2,4,0
982000,1,2,1
983000,1,3,1
984000,1,4,1
985000,1,3,1
986000,2,3,1
987000,2,3,1
988000,3,4,1
989000,1,2,1
990000,2,4,1
991000,1,3,1
992000,3,4,1
993000,2,3,1
994000,2,3,1
995000,1,3,1
996000,1,2,1
997000,1,4,0
998000,1,3,1
999000,2,3,0
1000000,2,4,0
1001000,2,4,1
1002000,1,4,1
1003000,1,4,1
1004000,2,3,1
1005000,3,4,1
1006000,3,4,1
1007000,2,4,1
1008000,1,3,0
1009000,1,3,1
1010000,1,2,0
1011000,3,4,1
1012000,1,2,1
1013000,1,3,0
1014000,2,3,1
1015000,3,4,1
1016000,3,4,1
1017000,2,4,1
1018000,3,4,1
1019000,1,4,0
1020000,1,2,0
1021000,2,3,1
1022000,1,4,1
1023000,1,2,1
1024000,1,3,0
1025000,3,4,1
1026000,2,4,1
1027000,1,2,1
1028000,1,4,1
1029000,1,4,1
1030000,2,4,1
1031000,1,3,1
1032000,2,4,1
1033000,1,3,1
1034000,1,3,1
1035000,2,3,1
1036000,1,4,1
1037000,1,4,1
1038000,3,4,1
1039000,3,4,1
1040000,1,3,1
1041000,1,4,1
1042000,2,4,1
1043000,1,3,1
1044000,3,4,1
1045000,1,4,0
1046000,2,3,0
1047000,2,4,0
1048000,1,4,1
1049000,2,4,1
1050000,2,4,1
1051000,1,2,1
1052000,3,4,1
1053000,1,4,1
1054000,2,4,1
1055000,1,3,1
1056000,1,2,0
1057000,2,3,1
1058000,2,4,0
1059000,1,2,1
1060000,1,3,1
1061000,3,4,1
1062000,2,3,0
1063000,2,3,1
1064000,2,3,1
1065000,2,4,1
1066000,1,2,1
1067000,2,3,1
1068000,1,2,1
1069000,2,4,1
1070000,1,3,0
1071000,1,3,1
1072000,1,2,1
1073000,2,4,0
1074000,3,4,1
1075000,1,3,1
1076000,2,4,0
1077000,2,4,1
1078000,2,3,1
1079000,1,3,1
1080000,1,3,1
1081000,1,2,1
1082000,3,4,1
1083000,1,4,1
1084000,2,3,1
1085000,1,3,1
1086000,1,2,1
1087000,2,4,1
1088000,2,3,1
1089000,1,4,1
1090000,2,4,1
1091000,2,3,1
1092000,1,4,0
1093000,2,4,1
1094000,3,4,1
1095000,1,4,1
1096000,3,4,1
1097000,1,3,1
1098000,1,4,1
1099000,2,3,0
1100000,3,4,1
1101000,2,4,1
1102000,2,4,1
1103000,2,4,1
1104000,1,3,0
1105000,3,4,1
1106000,3,4,1
1107000,2,4,1
1108000,1,2,1
1109000,2,3,1
1110000,1,3,1
1111000,2,3,1
1112000,2,3,1
1113000,3,4,1
1114000,1,3,1
1115000,1,4,1
1116000,2,3,1
1117000,3,4,0
1118000,3,4,1
1119000,3,4,1
1120000,3,4,1
1121000,1,2,1
1122000,1,4,1
1123000,3,4,1
1124000,1,4,1
1125000,2,4,1
1126000,2,4,1
1127000,1,2,1
1128000,2,4,1
1129000,2,4,1
1130000,1,2,1
1131000,2,4,1
1132000,1,4,1
1133000,2,4,1
1134000,1,4,0
1135000,2,3,0
1136000,2,3,1
1137000,1,2,1
1138000,2,3,1
1139000,2,3,1
1140000,1,3,1
1141000,1,2,1
1142000,2,3,1
1143000,1,3,0
1144000,3,4,1
1145000,2,3,1
1146000,2,4,1
1147000,3,4,1
1148000,2,4,1
1149000,1,2,1
1150000,1,4,1
1151000,1,3,1
1152000,2,4,0
1153000,1,2,0
1154000,1,4,1
1155000,2,4,1
1156000,2,4,1
1157000,1,4,1
1158000,1,2,1
1159000,2,3,1
1160000,3,4,1
1161000,3,4,1
1162000,2,4,1
1163000,1,3,1
1164000,2,3,1
1165000,2,4,1
1166000,1,4,1
1167000,1,3,1
1168000,2,3,1
1169000,1,2,1
1170000,2,3,1
1171000,2,3,1
1172000,1,3,1
1173000,1,4,0
1174000,1,4,1
1175000,1,4,1
1176000,1,3,0
1177000,1,2,1
1178000,1,2,1
1179000,3,4,1
1180000,3,4,1
1181000,1,3,1
1182000,1,2,0
1183000,1,2,1
1184000,2,4,1
1185000,1,3,1
1186000,3,4,1
1187000,3,4,0
1188000,1,2,1
1189000,1,2,1
1190000,3,4,1
1191000,1,4,1
1192000,2,4,1
1193000,3,4,1
1194000,1,2,1
1195000,1,3,0
1196000,1,2,1
1197000,1,2,0
1198000,2,3,1
1199000,1,2,1
1200000,3,4,1
1201000,2,3,1
1202000,1,3,1
1203000,2,3,0
1204000,2,3,1
1205000,3,4,1
1206000,2,4,1
1207000,1,4,1
1208000,3,4,1
1209000,2,3,1
1210000,1,3,0
1211000,1,3,1
1212000,1,4,0
1213000,2,3,1
1214000,1,2,1
1215000,2,3,1
1216000,1,4,0
1217000,2,4,1
1218000,2,4,1
1219000,3,4,1
1220000,1,2,1
1221000,1,3,1
1222000,1,4,1
1223000,2,3,1
1224000,1,4,0
1225000,2,4,1
1226000,2,3,1
1227000,1,3,1
1228000,1,3,1
1229000,1,3,1
1230000,2,3,1
1231000,3,4,1
1232000,2,3,0
1233000,2,4,1
1234000,3,4,1
1235000,3,4,1
1236000,3,4,1
1237000,2,3,1
1238000,1,2,1
1239000,2,4,1
1240000,2,3,1
1241000,2,4,0
1242000,3,4,1
1243000,3,4,0
1244000,1,4,0
1245000,1,2,0
1246000,3,4,1
1247000,1,4,1
1248000,1,3,0
1249000,1,2,1
1250000,1,2,1
1251000,1,4,1
1252000,1,2,0
1253000,1,3,1
1254000,2,3,1
1255000,1,3,1
1256000,1,4,1
1257000,2,3,1
1258000,3,4,1
1259000,1,4,1
1260000,1,2,1
1261000,2,3,1
1262000,3,4,1
1263000,1,3,1
1264000,2,3,1
1265000,3,4,1
1266000,1,4,1
1267000,1,3,1
1268000,2,3,1
1269000,2,3,1
1270000,3,4,1
1271000,3,4,1
1272000,2,4,1
1273000,1,2,1
1274000,2,3,1
1275000,2,4,1
1276000,2,4,1
1277000,2,3,1
1278000,1,3,1
1279000,1,2,1
1280000,1,2,1
1281000,2,4,1
1282000,1,3,1
1283000,2,4,1
1284000,1,2,1
1285000,1,3,1
1286000,1,2,1
1287000,2,4,0
1288000,2,3,1
1289000,3,4,1
1290000,1,3,0
1291000,2,4,1
1292000,1,2,1
1293000,3,4,1
1294000,1,3,1
1295000,1,2,1
1296000,1,4,1
1297000,1,3,1
1298000,1,4,0
1299000,2,3,1
1300000,3,4,1
1301000,1,3,0
1302000,1,2,1
1303000,1,3,1
1304000,3,4,1
1305000,1,3,1
1306000,2,3,1
1307000,1,3,1
1308000,2,3,1
1309000,2,4,1
1310000,1,3,1
1311000,2,4,1
1312000,3,4,1
1313000,3,4,1
1314000,1,4,0
1315000,1,3,1
1316000,1,2,1
1317000,2,4,1
1318000,1,4,0
1319000,3,4,1
1320000,3,4,1
1321000,1,2,1
1322000,2,3,1
1323000,1,2,1
1324000,2,3,1
1325000,2,4,1
1326000,1,2,1
1327000,1,4,1
1328000,1,4,1
1329000,1,4,1
1330000,1,4,1
1331000,1,4,1
1332000,1,4,0
1333000,2,3,1
1334000,2,4,0
1335000,3,4,1
1336000,2,3,1
1337000,1,2,1
1338000,3,4,1
1339000,3,4,1
1340000,2,4,1
1341000,1,4,1
1342000,2,4,1
1343000,2,3,1
1344000,1,4,0
1345000,3,4,1
1346000,2,3,0
1347000,1,4,0
1348000,1,2,1
1349000,3,4,1
1350000,1,3,1
1351000,2,3,1
1352000,2,3,1
1353000,1,2,1
1354000,1,3,0
1355000,3,4,1
1356000,1,2,1
1357000,1,2,1
1358000,2,3,1
1359000,2,4,1
1360000,3,4,1
1361000,3,4,1
1362000,1,3,1
1363000,1,3,0
1364000,1,3,1
1365000,1,3,1
1366000,3,4,1
1367000,1,4,0
1368000,2,4,0
1369000,1,2,1
1370000,1,3,1
1371000,1,3,1
1372000,2,3,1
1373000,2,3,1
1374000,1,2,1
1375000,1,4,1
1376000,1,4,0
1377000,1,2,1
1378000,3,4,1
1379000,1,4,0
1380000,1,3,1
1381000,3,4,1
1382000,2,4,1
1383000,2,4,1
1384000,1,3,1
1385000,2,4,1
1386000,2,4,0
1387000,2,4,1
1388000,1,4,1
1389000,3,4,1
1390000,2,4,1
1391000,1,3,1
1392000,1,4,1
1393000,1,2,1
1394000,1,4,1
1395000,1,4,1
1396000,1,3,1
1397000,3,4,1
1398000,2,4,1
1399000,3,4,1
1400000,1,4,0
1401000,1,2,1
1402000,1,3,1
1403000,1,3,1
1404000,1,3,1
1405000,2,4,1
1406000,1,4,1
1407000,1,4,0
1408000,1,3,1
1409000,2,4,1
1410000,1,3,1
1411000,1,2,1
1412000,1,2,1
1413000,1,4,0
1414000,2,4,1
1415000,2,3,1
1416000,3,4,1
1417000,1,2,1
1418000,2,4,1
1419000,2,4,1
1420000,1,4,0
1421000,1,4,1
1422000,2,4,1
1423000,1,2,1
1424000,2,3,1
1425000,1,3,1
1426000,2,3,1
1427000,1,4,0
1428000,2,3,1
1429000,2,4,1
1430000,2,4,1
1431000,2,3,1
1432000,2,3,0
1433000,1,2,1
1434000,3,4,1
1435000,2,3,1
1436000,1,3,1
1437000,2,3,1
1438000,1,3,1
1439000,1,4,1
1440000,2,4,1
1441000,1,3,0
1442000,1,4,1
1443000,1,3,0
1444000,1,4,1
1445000,2,3,1
1446000,2,3,1
1447000,1,4,1
1448000,1,4,1
1449000,1,4,1
1450000,1,3,1
1451000,1,3,0
1452000,2,4,1
1453000,3,4,1
1454000,2,4,0
1455000,1,3,1
1456000,3,4,1
1457000,1,4,1
1458000,3,4,1
1459000,1,2,1
1460000,2,3,1
1461000,2,3,1
1462000,1,2,1
1463000,1,4,1
1464000,3,4,1
1465000,1,3,1
1466000,3,4,1
1467000,2,3,1
1468000,2,3,1
1469000,2,3,1
1470000,2,3,1
1471000,1,2,0
1472000,1,4,1
1473000,3,4,1
1474000,1,4,1
1475000,1,4,1
1476000,3,4,1
1477000,2,3,1
1478000,1,3,0
1479000,1,3,1
1480000,1,4,0
1481000,1,2,1
1482000,1,2,1
1483000,2,3,1
1484000,1,4,1
1485000,1,3,1
1486000,2,3,1
1487000,1,3,1
1488000,3,4,1
1489000,2,4,1
1490000,1,3,0
1491000,1,3,1
1492000,1,4,0
1493000,1,3,0
1494000,3,4,1
1495000,3,4,1
1496000,2,4,1
1497000,2,4,1
1498000,1,4,1
1499000,1,2,1
1500000,3,4,1
1501000,1,4,1
1502000,1,4,1
1503000,3,4,1
1504000,2,3,1
1505000,2,3,1
1506000,2,3,1
1507000,1,4,0
1508000,1,4,1
1509000,1,3,1
1510000,1,3,1
1511000,3,4,1
1512000,1,2,1
1513000,1,2,0
1514000,2,3,1
1515000,1,4,0
1516000,1,3,1
1517000,3,4,1
1518000,2,4,1
1519000,3,4,1
1520000,2,4,1
1521000,2,4,1
1522000,1,2,1
1523000,2,3,1
1524000,1,2,0
1525000,1,4,1
1526000,1,3,1
1527000,1,4,0
1528000,2,3,1
1529000,1,3,1
1530000,1,4,1
1531000,1,3,1
1532000,1,3,1
1533000,2,3,1
1534000,1,3,0
1535000,1,2,1
1536000,1,3,1
1537000,2,4,1
1538000,2,4,1
1539000,2,4,1
1540000,1,4,1
1541000,1,4,1
1542000,1,4,1
1543000,2,3,1
1544000,2,3,1
1545000,1,3,1
1546000,1,2,1
1547000,2,4,1
1548000,1,3,1
1549000,2,3,1
1550000,2,3,1
1551000,2,3,1
1552000,1,4,1
1553000,1,4,1
1554000,2,4,1
1555000,1,2,1
1556000,2,4,1
1557000,1,2,0
1558000,2,4,1
1559000,3,4,1
1560000,1,3,1
1561000,3,4,1
1562000,2,4,1
1563000,1,2,1
1564000,2,3,1
1565000,2,4,1
1566000,2,3,1
1567000,1,4,1
1568000,1,4,1
1569000,2,4,0
1570000,1,2,1
1571000,1,2,1
1572000,2,3,1
1573000,2,4,1
1574000,1,2,0
1575000,2,3,1
1576000,2,3,1
1577000,1,4,1
1578000,2,3,1
1579000,3,4,1
1580000,1,3,1
1581000,1,3,1
1582000,1,4,1
1583000,1,4,0
1584000,1,2,0
1585000,3,4,1
1586000,1,2,1
1587000,1,2,1
1588000,2,4,1
1589000,1,3,1
1590000,1,3,1
1591000,1,2,0
1592000,3,4,1
1593000,2,4,1
1594000,1,4,1
1595000,3,4,1
1596000,1,4,1
1597000,3,4,1
1598000,3,4,1
1599000,1,3,1
1600000,2,3,1
1601000,3,4,0
1602000,3,4,1
1603000,2,3,1
1604000,2,3,1
1605000,2,3,1
1606000,1,2,1
1607000,2,4,1
1608000,3,4,1
1609000,1,3,1
1610000,1,2,0
1611000,1,4,1
1612000,3,4,1
1613000,1,2,1
1614000,1,3,1
1615000,1,4,1
1616000,1,4,1
1617000,2,4,1
1618000,2,3,1
1619000,2,4,1
1620000,1,2,1
1621000,2,3,1
1622000,2,4,1
1623000,1,4,1
1624000,1,3,1
1625000,2,4,1
1626000,1,3,1
1627000,2,4,1
1628000,2,4,0
1629000,1,3,1
1630000,1,2,1
1631000,1,4,0
1632000,2,4,1
1633000,2,4,1
1634000,2,4,0
1635000,1,4,0
1636000,1,4,1
1637000,1,2,1
1638000,1,4,1
1639000,1,3,1
1640000,2,3,1
1641000,2,4,1
1642000,2,4,1
1643000,2,4,1
1644000,2,4,1
1645000,1,2,1
1646000,2,4,1
1647000,1,2,1
1648000,1,3,1
1649000,2,3,0
1650000,2,3,1
1651000,1,4,1
1652000,3,4,1
1653000,1,2,1
1654000,1,4,1
1655000,2,3,1
1656000,2,3,1
1657000,1,4,1
1658000,1,3,0
1659000,1,2,0
1660000,3,4,1
1661000,1,3,0
1662000,1,2,1
1663000,2,4,1
1664000,2,4,1
1665000,3,4,1
1666000,1,2,1
1667000,2,4,0
1668000,1,2,1
1669000,1,4,1
1670000,1,2,1
1671000,2,4,1
1672000,1,3,1
1673000,3,4,1
1674000,1,3,1
1675000,1,3,1
1676000,1,4,1
1677000,1,3,1
1678000,1,3,1
1679000,3,4,1
1680000,2,4,0
1681000,2,3,1
1682000,3,4,1
1683000,1,3,1
1684000,3,4,1
1685000,2,4,1
1686000,1,2,1
1687000,1,2,1
1688000,1,2,1
1689000,1,3,0
1690000,2,3,1
1691000,1,3,1
1692000,3,4,1
1693000,3,4,1
1694000,1,4,0
1695000,1,2,1
1696000,2,3,1
1697000,3,4,1
1698000,2,3,1
1699000,2,3,1
1700000,1,2,1
1701000,2,4,1
1702000,2,4,1
1703000,1,3,1
1704000,2,4,1
1705000,2,3,1
1706000,2,4,1
1707000,2,4,1
1708000,3,4,1
1709000,2,4,1
1710000,1,3,1
1711000,2,4,1
1712000,1,4,1
1713000,1,3,1
1714000,2,3,1
1715000,1,3,1
1716000,2,3,1
1717000,3,4,1
1718000,2,3,1
1719000,1,3,1
1720000,2,4,1
1721000,2,3,1
1722000,3,4,1
1723000,1,3,1
1724000,2,4,1
1725000,1,3,1
1726000,3,4,1
1727000,2,4,1
1728000,2,3,1
1729000,1,4,1
1730000,1,4,0
1731000,1,2,0
1732000,1,2,1
1733000,2,3,1
1734000,1,3,1
1735000,1,3,1
1736000,2,3,1
1737000,2,3,0
1738000,1,2,1
1739000,1,4,1
1740000,1,3,1
1741000,2,3,1
1742000,1,3,0
1743000,3,4,1
1744000,1,3,1
1745000,1,2,0
1746000,1,4,1
1747000,3,4,0
1748000,1,2,1
1749000,2,3,1
1750000,1,4,1
1751000,3,4,1
1752000,1,4,1
1753000,1,4,0
1754000,2,3,1
1755000,3,4,1
1756000,1,3,1
1757000,1,2,1
1758000,1,2,1
1759000,2,3,0
1760000,2,4,1
1761000,1,2,1
1762000,1,3,1
1763000,1,3,0
1764000,3,4,1
1765000,3,4,1
1766000,1,4,1
1767000,1,2,1
1768000,1,4,0
1769000,2,4,0
1770000,1,3,1
1771000,1,3,1
1772000,1,2,1
1773000,2,3,1
1774000,3,4,1
1775000,3,4,1
1776000,1,3,1
1777000,2,4,0
1778000,1,2,0
1779000,1,3,1
1780000,2,4,1
1781000,1,3,1
1782000,1,3,1
1783000,1,3,0
1784000,2,4,0
1785000,3,4,1
1786000,3,4,1
1787000,1,3,1
1788000,3,4,1
1789000,2,3,1
1790000,1,3,1
1791000,1,2,1
1792000,1,3,0
1793000,1,4,1
1794000,1,4,0
1795000,1,3,1
1796000,1,3,1
1797000,1,4,0
1798000,3,4,0
1799000,1,4,1
1800000,1,4,1
1801000,2,4,1
1802000,2,3,0
1803000,1,4,1
1804000,2,4,1
1805000,3,4,1
1806000,3,4,1
1807000,1,2,0
1808000,1,3,1
1809000,2,3,0
1810000,1,2,1
1811000,2,4,1
1812000,1,4,1
1813000,1,4,0
1814000,1,2,1
1815000,1,3,1
1816000,3,4,1
1817000,2,3,1
1818000,1,3,1
1819000,2,3,1
1820000,1,3,1
1821000,2,3,1
1822000,2,4,1
1823000,2,4,1
1824000,1,2,1
1825000,3,4,1
1826000,1,3,0
1827000,2,4,1
1828000,3,4,1
1829000,3,4,1
1830000,1,2,1
1831000,3,4,1
1832000,1,3,1
1833000,1,2,1
1834000,1,4,1
1835000,2,4,1
1836000,1,3,1
1837000,2,3,1
1838000,1,3,1
1839000,2,3,1
1840000,1,3,1
1841000,1,3,1
1842000,1,3,1
1843000,1,3,1
1844000,3,4,1
1845000,1,4,1
1846000,1,2,1
1847000,1,3,1
1848000,1,2,1
1849000,1,3,1
1850000,2,3,1
1851000,1,2,1
1852000,1,2,1
1853000,1,2,1
1854000,1,4,1
1855000,2,4,1
1856000,1,2,1
1857000,3,4,1
1858000,1,2,1
1859000,1,2,1
1860000,3,4,1
1861000,1,2,1
1862000,1,3,0
1863000,1,2,1
1864000,2,3,1
1865000,2,4,1
1866000,3,4,1
1867000,1,4,1
1868000,1,4,1
1869000,3,4,1
1870000,3,4,1
1871000,1,4,1
1872000,2,4,1
1873000,1,2,1
1874000,3,4,1
1875000,1,3,1
1876000,2,4,1
1877000,1,2,1
1878000,1,4,1
1879000,3,4,0
1880000,2,4,1
1881000,3,4,1
1882000,1,3,0
1883000,2,3,1
1884000,2,4,1
1885000,1,4,0
1886000,2,4,1
1887000,1,4,1
1888000,1,2,1
1889000,1,4,1
1890000,3,4,1
1891000,1,4,0
1892000,3,4,1
1893000,1,3,1
1894000,3,4,1
1895000,3,4,1
1896000,1,2,1
1897000,2,4,1
1898000,1,4,1
1899000,1,3,0
1900000,2,3,1
1901000,3,4,1
1902000,1,2,1
1903000,1,3,1
1904000,2,3,1
1905000,1,4,1
1906000,1,4,1
1907000,1,2,1
1908000,1,4,1
1909000,2,3,1
1910000,1,4,1
1911000,2,4,1
1912000,2,4,1
1913000,2,4,1
1914000,1,4,1
1915000,1,3,1
1916000,2,3,1
1917000,1,3,1
1918000,1,4,1
1919000,1,4,1
1920000,1,2,1
1921000,3,4,1
1922000,2,4,1
1923000,1,4,0
1924000,3,4,1
1925000,2,3,1
1926000,2,4,0
1927000,1,4,0
1928000,3,4,1
1929000,1,4,0
1930000,3,4,1
1931000,1,3,1
1932000,1,2,1
1933000,2,4,1
1934000,3,4,1
1935000,1,4,1
1936000,2,3,1
1937000,2,4,1
1938000,1,3,1
1939000,1,2,1
1940000,2,4,1
1941000,1,3,0
1942000,2,3,1
1943000,1,4,1
1944000,2,4,1
1945000,3,4,1
1946000,1,2,1
1947000,1,3,0
1948000,1,3,1
1949000,1,3,0
1950000,2,4,1
1951000,1,4,1
1952000,2,3,1
1953000,2,4,0
1954000,1,3,1
1955000,2,3,0
1956000,1,3,1
1957000,1,3,1
1958000,2,4,0
1959000,2,3,1
1960000,1,4,1
1961000,1,3,1
1962000,1,4,0
1963000,1,2,1
1964000,1,3,1
1965000,1,4,1
1966000,1,4,1
1967000,1,3,1
1968000,1,4,1
1969000,1,2,1
1970000,2,3,1
1971000,1,4,1
1972000,1,4,1
1973000,2,4,1
1974000,1,3,1
1975000,3,4,0
1976000,1,3,1
1977000,1,2,1
1978000,1,2,1
1979000,2,3,1
1980000,1,3,1
1981000,1,3,1
1982000,2,3,1
1983000,3,4,1
1984000,1,4,1
1985000,1,2,0
1986000,2,4,1
1987000,3,4,1
1988000,2,3,1
1989000,1,2,1
1990000,1,3,1
1991000,2,3,1
1992000,1,3,1
1993000,3,4,1
1994000,1,2,1
1995000,1,3,0
1996000,1,2,1
1997000,1,2,1
1998000,1,4,1
1999000,3,4,1
2000000,1,2,1
2001000,1,3,1
2002000,1,3,1
2003000,1,2,1
2004000,2,3,1
2005000,1,3,1
2006000,1,4,1
2007000,1,4,0
2008000,2,3,0
2009000,2,3,1
2010000,1,2,1
2011000,1,3,0
2012000,2,4,1
2013000,1,2,1
2014000,1,2,1
2015000,1,2,1
2016000,3,4,1
2017000,3,4,1
2018000,1,2,1
2019000,2,4,1
2020000,3,4,1
2021000,3,4,1
2022000,1,3,1
2023000,1,4,1
2024000,1,4,0
2025000,2,3,1
2026000,1,3,1
2027000,2,3,1
2028000,1,4,1
2029000,1,3,1
2030000,1,4,0
2031000,1,3,0
2032000,1,4,1
2033000,1,3,1
2034000,2,4,1
2035000,1,2,1
2036000,2,3,1
2037000,2,3,1
2038000,2,4,1
2039000,1,4,0
2040000,1,4,1
2041000,1,4,1
2042000,3,4,1
2043000,2,4,1
2044000,1,3,0
2045000,1,4,0
2046000,1,3,1
2047000,2,3,1
2048000,1,3,1
2049000,3,4,1
2050000,2,3,1
2051000,3,4,1
2052000,1,2,0
2053000,2,3,1
2054000,2,3,1
2055000,3,4,1
2056000,3,4,1
2057000,3,4,1
2058000,1,3,1
2059000,1,3,1
2060000,1,2,1
2061000,3,4,1
2062000,1,3,1
2063000,1,2,1
2064000,1,3,0
2065000,2,3,1
2066000,1,4,1
2067000,1,3,0
2068000,2,4,0
2069000,1,2,1
2070000,1,3,1
2071000,1,4,0
2072000,1,3,1
2073000,1,2,1
2074000,1,2,1
2075000,2,4,1
2076000,1,3,1
2077000,2,3,1
2078000,2,3,1
2079000,2,3,1
2080000,2,3,1
2081000,1,2,0
2082000,1,4,1
2083000,3,4,1
2084000,1,2,1
2085000,3,4,1
2086000,3,4,0
2087000,2,3,1
2088000,2,4,1
2089000,2,4,1
2090000,2,3,1
2091000,1,4,0
2092000,2,4,1
2093000,1,2,1
2094000,1,4,1
2095000,1,3,1
2096000,2,3,1
2097000,1,3,1
2098000,1,4,1
2099000,1,3,1
2100000,2,4,1
2101000,1,2,1
2102000,2,3,1
2103000,2,4,1
2104000,1,2,1
2105000,1,2,1
2106000,1,3,0
2107000,2,3,1
2108000,1,2,1
2109000,2,3,1
2110000,3,4,0
2111000,2,3,1
2112000,2,3,0
2113000,1,3,1
2114000,1,4,0
2115000,2,4,1
2116000,2,3,1
2117000,1,4,0
2118000,1,4,1
2119000,2,4,1
2120000,3,4,1
2121000,1,2,1
2122000,1,3,1
2123000,1,2,1
2124000,1,2,1
2125000,1,3,1
2126000,1,4,1
2127000,3,4,1
2128000,2,3,1
2129000,3,4,0
2130000,2,4,1
2131000,1,3,1
2132000,2,3,1
2133000,2,4,1
2134000,2,3,1
2135000,2,4,1
2136000,2,4,0
2137000,2,4,1
2138000,1,4,1
2139000,1,2,1
2140000,2,3,1
2141000,1,4,0
2142000,1,4,1
2143000,2,4,1
2144000,2,3,1
2145000,2,4,1
2146000,2,3,1
2147000,2,4,0
2148000,2,3,1
2149000,2,4,0
2150000,1,3,0
2151000,1,3,1
2152000,2,4,1
2153000,1,4,1
2154000,1,3,0
2155000,2,3,1
2156000,1,2,1
2157000,1,4,1
2158000,1,3,1
2159000,3,4,1
2160000,2,3,1
2161000,1,4,1
2162000,3,4,1
2163000,2,3,1
2164000,1,2,1
2165000,1,2,1
2166000,1,3,1
2167000,2,4,1
2168000,3,4,1
2169000,3,4,1
2170000,1,2,0
2171000,1,3,1
2172000,2,4,1
2173000,3,4,1
2174000,3,4,1
2175000,1,3,1
2176000,2,4,1
2177000,2,3,0
2178000,2,4,0
2179000,2,3,1
2180000,1,4,0
2181000,2,3,1
2182000,2,3,1
2183000,3,4,1
2184000,3,4,1
2185000,2,3,0
2186000,1,4,1
2187000,1,3,1
2188000,1,2,1
2189000,2,4,1
2190000,1,3,1
2191000,3,4,1
2192000,2,3,1
2193000,2,4,1
2194000,1,2,1
2195000,1,4,1
2196000,2,4,1
2197000,3,4,1
2198000,3,4,1
2199000,3,4,1
2200000,3,4,1
2201000,3,4,1
2202000,2,3,1
2203000,2,4,1
2204000,1,2,1
2205000,2,3,1
2206000,2,3,1
2207000,2,4,1
2208000,2,4,1
2209000,1,2,1
2210000,1,4,1
2211000,2,3,1
2212000,1,4,0
2213000,2,4,1
2214000,2,3,1
2215000,2,3,1
2216000,1,2,1
2217000,2,4,1
2218000,2,3,1
2219000,2,3,1
2220000,3,4,1
2221000,1,2,1
2222000,3,4,1
2223000,2,4,1
2224000,2,4,1
2225000,1,2,1
2226000,2,4,1
2227000,1,4,1
2228000,1,2,1
2229000,1,4,1
2230000,1,3,1
2231000,1,3,1
2232000,1,4,1
2233000,1,4,0
2234000,1,3,1
2235000,1,2,1
2236000,3,4,1
2237000,2,3,1
2238000,1,2,1
2239000,1,4,1
2240000,2,4,1
2241000,2,3,1
2242000,2,4,1
2243000,2,3,1
2244000,1,2,1
2245000,3,4,1
2246000,1,2,1
2247000,2,4,0
2248000,3,4,1
2249000,1,2,0
2250000,3,4,1
2251000,2,4,1
2252000,2,4,1
2253000,1,2,1
2254000,3,4,1
2255000,2,3,1
2256000,1,4,1
2257000,1,3,1
2258000,1,3,0
2259000,2,4,1
2260000,1,3,1
2261000,3,4,1
2262000,1,2,1
2263000,1,4,1
2264000,1,4,0
2265000,1,3,0
2266000,1,3,1
2267000,1,4,1
2268000,2,4,1
2269000,2,3,1
2270000,1,4,1
2271000,1,4,1
2272000,1,3,1
2273000,1,4,1
2274000,2,4,1
2275000,1,2,1
2276000,1,4,1
2277000,1,2,1
2278000,1,4,1
2279000,3,4,1
2280000,1,2,1
2281000,1,3,1
2282000,1,3,1
2283000,2,4,1
2284000,2,4,1
2285000,2,3,1
2286000,2,3,1
2287000,3,4,0
2288000,1,2,1
2289000,1,2,1
2290000,1,4,0
2291000,2,3,1
2292000,1,4,1
2293000,1,4,1
2294000,2,3,1
2295000,1,2,1
2296000,2,3,1
2297000,1,3,1
2298000,2,4,1
2299000,2,4,1
2300000,2,3,1
2301000,2,4,1
2302000,2,4,1
2303000,1,3,0
2304000,3,4,1
2305000,2,4,1
2306000,1,2,1
2307000,1,2,1
2308000,2,3,0
2309000,1,3,1
2310000,1,3,1
2311000,3,4,1
2312000,2,3,1
2313000,2,4,1
2314000,1,3,1
2315000,1,2,1
2316000,1,4,1
2317000,1,2,1
2318000,1,2,1
2319000,1,2,1
2320000,1,3,1
2321000,1,3,0
2322000,1,4,1
2323000,2,3,1
2324000,3,4,1
2325000,1,3,0
2326000,2,3,1
2327000,1,2,1
2328000,2,4,1
2329000,1,4,1
2330000,3,4,1
2331000,2,4,1
2332000,1,4,1
2333000,1,4,1
2334000,2,3,1
2335000,3,4,1
2336000,1,2,1
2337000,1,2,1
2338000,1,2,1
2339000,1,2,1
2340000,2,3,1
2341000,1,2,1
2342000,1,2,1
2343000,2,4,1
2344000,1,2,1
2345000,1,4,1
2346000,2,4,1
2347000,1,4,0
2348000,2,4,1
2349000,1,4,1
2350000,1,3,1
2351000,3,4,1
2352000,1,2,1
2353000,3,4,1
2354000,1,4,1
2355000,1,3,1
2356000,1,2,1
2357000,1,3,1
2358000,1,2,1
2359000,1,2,1
2360000,1,4,1
2361000,1,3,1
2362000,2,3,1
2363000,1,4,1
2364000,1,4,0
2365000,1,4,1
2366000,1,3,1
2367000,3,4,1
2368000,3,4,0
2369000,1,4,1
2370000,2,4,1
2371000,1,4,0
2372000,3,4,1
2373000,1,4,0
2374000,1,2,1
2375000,3,4,1
2376000,1,3,1
2377000,2,4,1
2378000,1,3,1
2379000,2,3,0
2380000,1,3,1
2381000,1,2,1
2382000,1,2,1
2383000,3,4,1
2384000,1,2,1
2385000,1,2,1
2386000,1,3,1
2387000,1,4,1
2388000,1,4,1
2389000,2,4,0
2390000,1,4,1
2391000,2,4,1
2392000,3,4,1
2393000,1,4,0
2394000,1,2,1
2395000,1,4,1
2396000,2,4,1
2397000,2,4,1
2398000,1,2,1
2399000,2,3,1
2400000,3,4,1
2401000,1,2,1
2402000,1,2,1
2403000,1,4,1
2404000,1,3,1
2405000,3,4,1
2406000,3,4,1
2407000,1,3,0
2408000,1,3,0
2409000,3,4,1
2410000,2,3,1
2411000,2,4,1
2412000,3,4,1
2413000,1,2,1
2414000,2,3,1
2415000,3,4,0
2416000,1,4,1
2417000,3,4,1
2418000,2,3,1
2419000,3,4,0
2420000,1,4,0
2421000,3,4,1
2422000,1,2,1
2423000,1,4,1
2424000,1,3,1
2425000,1,4,1
2426000,2,3,1
2427000,1,4,1
2428000,1,4,0
2429000,1,2,1
2430000,2,3,1
2431000,1,3,1
2432000,2,4,0
2433000,2,4,1
2434000,3,4,1
2435000,1,3,1
2436000,1,4,0
2437000,1,4,1
2438000,3,4,1
2439000,3,4,1
2440000,3,4,1
2441000,1,3,1
2442000,1,4,1
2443000,1,2,1
2444000,1,4,0
2445000,1,3,1
2446000,2,4,1
2447000,1,2,1
2448000,1,2,1
2449000,2,4,1
2450000,1,4,1
2451000,2,3,1
2452000,3,4,1
2453000,2,4,1
2454000,1,2,1
2455000,3,4,1
2456000,3,4,1
2457000,1,4,1
2458000,2,4,1
2459000,1,2,1
2460000,1,3,1
2461000,1,2,1
2462000,2,3,1
2463000,1,4,1
2464000,1,2,0
2465000,1,3,0
2466000,1,2,1
2467000,1,3,1
2468000,3,4,0
2469000,2,3,1
2470000,1,3,0
2471000,1,4,1
2472000,3,4,1
2473000,2,3,1
2474000,3,4,1
2475000,2,3,1
2476000,1,3,1
2477000,1,3,1
2478000,1,2,1
2479000,2,3,1
2480000,2,3,1
2481000,3,4,1
2482000,3,4,1
2483000,1,4,1
2484000,1,2,1
2485000,1,3,1
2486000,2,4,1
2487000,1,4,1
2488000,1,3,1
2489000,1,3,0
2490000,1,3,1
2491000,1,4,1
2492000,1,2,1
2493000,3,4,1
2494000,2,4,1
2495000,1,4,1
2496000,1,2,1
2497000,1,2,1
2498000,1,4,1
2499000,1,2,1
2500000,1,2,1
2501000,1,4,1
2502000,2,3,1
2503000,2,4,1
2504000,1,4,0
2505000,3,4,0
2506000,1,2,1
2507000,1,2,1
2508000,2,3,1
2509000,1,2,1
2510000,1,2,1
2511000,1,4,1
2512000,2,4,1
2513000,1,3,1
2514000,1,3,1
2515000,3,4,1
2516000,2,4,0
2517000,3,4,0
2518000,1,3,0
2519000,3,4,1
2520000,3,4,1
2521000,2,4,0
2522000,2,4,0
2523000,3,4,1
2524000,3,4,1
2525000,1,4,1
2526000,3,4,1
2527000,3,4,1
2528000,3,4,1
2529000,1,4,1
2530000,2,4,1
2531000,3,4,1
2532000,1,4,1
2533000,1,4,0
2534000,2,3,1
2535000,3,4,1
2536000,1,4,1
2537000,1,3,1
2538000,1,3,1
2539000,2,4,1
2540000,3,4,1
2541000,3,4,1
2542000,2,3,1
2543000,3,4,1
2544000,1,4,1
2545000,2,3,1
2546000,2,4,0
2547000,1,4,0
2548000,3,4,1
2549000,3,4,1
2550000,1,2,1
2551000,2,3,1
2552000,1,2,1
2553000,1,2,1
2554000,1,2,1
2555000,1,2,1
2556000,3,4,1
2557000,1,2,1
2558000,3,4,1
2559000,1,2,1
2560000,2,3,1
2561000,1,4,0
2562000,2,4,1
2563000,2,4,1
2564000,3,4,1
2565000,1,3,1
2566000,2,4,0
2567000,1,4,1
2568000,2,4,1
2569000,2,4,1
2570000,1,3,1
2571000,1,3,1
2572000,2,4,1
2573000,1,2,1
2574000,3,4,1
2575000,2,3,1
2576000,2,4,0
2577000,1,3,1
2578000,1,2,1
2579000,1,3,1
2580000,2,3,1
2581000,2,4,1
2582000,1,3,0
2583000,2,3,1
2584000,2,4,1
2585000,2,4,1
2586000,3,4,1
2587000,1,3,1
2588000,1,4,0
2589000,2,3,1
2590000,1,4,1
2591000,3,4,1
2592000,2,3,1
2593000,1,4,1
2594000,1,2,1
2595000,2,4,1
2596000,1,4,1
2597000,2,4,1
2598000,3,4,0
2599000,1,2,1
2600000,3,4,1
2601000,3,4,1
2602000,2,4,1
2603000,1,4,1
2604000,2,4,1
2605000,2,3,1
2606000,3,4,1
2607000,1,2,1
2608000,1,3,1
2609000,2,4,1
2610000,2,3,1
2611000,2,4,1
2612000,2,3,1
2613000,1,3,1
2614000,1,2,1
2615000,1,2,1
2616000,1,2,1
2617000,1,4,1
2618000,2,3,1
2619000,1,2,1
2620000,1,3,1
2621000,3,4,1
2622000,2,3,1
2623000,2,3,1
2624000,2,4,1
2625000,2,3,1
2626000,1,2,1
2627000,2,3,0
2628000,1,2,1
2629000,1,2,1
2630000,1,4,0
2631000,1,2,0
2632000,2,4,0
2633000,2,3,1
2634000,2,3,1
2635000,2,4,1
2636000,2,4,0
2637000,1,4,1
2638000,2,3,1
2639000,1,2,1
2640000,1,4,1
2641000,3,4,1
2642000,2,4,1
2643000,1,2,1
2644000,1,2,1
2645000,1,4,0
2646000,2,3,1
2647000,1,2,1
2648000,1,3,1
2649000,1,4,1
2650000,2,3,1
2651000,1,3,1
2652000,1,4,1
2653000,2,4,1
2654000,2,4,1
2655000,1,3,1
2656000,2,3,1
2657000,2,3,1
2658000,2,3,1
2659000,1,2,1
2660000,2,3,1
2661000,2,4,1
2662000,1,2,1
2663000,3,4,1
2664000,2,4,1
2665000,2,4,1
2666000,1,2,1
2667000,1,3,0
2668000,2,3,1
2669000,2,3,1
2670000,1,3,1
2671000,1,2,1
2672000,2,4,1
2673000,2,4,0
2674000,3,4,1
2675000,1,3,1
2676000,2,4,1
2677000,2,4,1
2678000,2,4,1
2679000,2,4,0
2680000,1,2,1
2681000,3,4,1
2682000,2,3,1
2683000,2,3,1
2684000,1,4,1
2685000,2,4,1
2686000,1,3,1
2687000,2,3,1
2688000,2,4,1
2689000,1,4,1
2690000,3,4,1
2691000,1,4,1
2692000,3,4,1
2693000,1,2,0
2694000,3,4,1
2695000,2,4,1
2696000,2,4,1
2697000,2,3,0
2698000,3,4,1
2699000,2,4,1
2700000,1,4,1
2701000,3,4,0
2702000,2,4,1
2703000,1,2,1
2704000,2,3,1
2705000,1,4,1
2706000,1,3,0
2707000,1,4,1
2708000,2,4,1
2709000,1,2,0
2710000,1,2,1
2711000,3,4,0
2712000,1,3,1
2713000,1,3,1
2714000,2,3,1
2715000,1,4,1
2716000,1,4,0
2717000,3,4,1
2718000,1,2,1
2719000,3,4,1
2720000,1,4,1
2721000,2,4,0
2722000,2,3,1
2723000,1,2,1
2724000,2,3,1
2725000,2,4,1
2726000,2,3,1
2727000,1,3,1
2728000,1,4,1
2729000,2,4,1
2730000,3,4,1
2731000,1,3,1
2732000,1,2,1
2733000,2,4,1
2734000,1,3,1
2735000,3,4,1
2736000,1,2,1
2737000,1,4,1
2738000,1,4,0
2739000,2,4,1
2740000,3,4,1
2741000,1,3,1
2742000,1,3,1
2743000,1,2,1
2744000,1,3,1
2745000,2,4,0
2746000,1,3,1
2747000,1,3,1
2748000,1,2,1
2749000,2,4,1
2750000,2,3,1
2751000,1,3,1
2752000,1,4,1
2753000,1,4,1
2754000,1,4,0
2755000,3,4,1
2756000,1,4,1
2757000,2,4,1
2758000,1,3,1
2759000,1,3,1
2760000,3,4,1
2761000,1,2,1
2762000,1,2,1
2763000,1,3,1
2764000,1,4,1
2765000,2,3,1
2766000,2,4,1
2767000,1,2,1
2768000,2,3,1
2769000,1,4,0
2770000,2,3,1
2771000,1,2,1
2772000,1,3,0
2773000,1,4,1
2774000,2,4,1
2775000,3,4,1
2776000,1,3,0
2777000,2,3,1
2778000,1,3,1
2779000,2,4,1
2780000,1,4,1
2781000,1,3,1
2782000,2,4,1
2783000,1,4,1
2784000,3,4,1
2785000,1,3,1
2786000,1,2,0
2787000,1,4,1
2788000,2,4,1
2789000,1,3,0
2790000,1,2,1
2791000,2,3,1
2792000,3,4,1
2793000,2,4,1
2794000,2,3,1
2795000,1,3,1
2796000,1,2,1
2797000,2,4,1
2798000,1,3,1
2799000,1,3,1
2800000,1,3,1
2801000,2,3,1
2802000,2,3,1
2803000,1,4,0
2804000,3,4,1
2805000,2,4,1
2806000,1,4,1
2807000,1,2,1
2808000,3,4,1
2809000,1,3,1
2810000,2,4,1
2811000,3,4,1
2812000,1,2,1
2813000,1,4,1
2814000,3,4,1
2815000,1,4,1
2816000,3,4,1
2817000,2,4,1
2818000,3,4,1
2819000,3,4,1
2820000,1,2,1
2821000,2,4,1
2822000,1,2,1
2823000,1,3,0
2824000,1,4,1
2825000,1,4,1
2826000,1,4,1
2827000,1,3,1
2828000,2,4,1
2829000,1,4,0
2830000,3,4,1
2831000,2,4,1
2832000,1,3,0
2833000,1,4,0
2834000,1,2,0
2835000,2,3,1
2836000,2,4,1
2837000,1,2,1
2838000,2,4,1
2839000,1,2,1
2840000,2,3,1
2841000,3,4,1
2842000,2,3,1
2843000,2,3,0
2844000,3,4,1
2845000,3,4,1
2846000,1,3,0
2847000,1,3,1
2848000,2,3,1
2849000,1,3,1
2850000,2,4,0
2851000,1,3,1
2852000,1,2,1
2853000,2,4,1
2854000,1,4,1
2855000,1,3,1
2856000,1,3,1
2857000,1,2,1
2858000,1,4,1
2859000,2,3,1
2860000,2,3,1
2861000,2,4,1
2862000,1,4,0
2863000,2,3,1
2864000,2,4,1
2865000,1,2,1
2866000,2,3,1
2867000,2,3,1
2868000,1,3,1
2869000,1,2,1
2870000,1,4,1
2871000,2,3,1
2872000,1,3,1
2873000,1,2,1
2874000,1,3,1
2875000,1,4,1
2876000,1,3,0
2877000,1,2,0
2878000,1,3,1
2879000,1,2,1
2880000,1,4,1
2881000,1,3,1
2882000,2,4,1
2883000,2,4,1
2884000,3,4,1
2885000,1,2,1
2886000,3,4,1
2887000,2,3,1
2888000,3,4,1
2889000,1,4,1
2890000,3,4,1
2891000,1,3,1
2892000,3,4,1
2893000,2,4,1
2894000,2,3,1
2895000,2,3,1
2896000,2,3,1
2897000,3,4,1
2898000,2,4,1
2899000,1,3,1
2900000,2,3,1
2901000,2,4,1
2902000,3,4,1
2903000,2,3,1
2904000,3,4,1
2905000,1,2,1
2906000,3,4,1
2907000,2,3,1
2908000,2,4,1
2909000,2,4,1
2910000,3,4,1
2911000,1,2,1
2912000,2,4,1
2913000,3,4,1
2914000,2,4,1
2915000,3,4,1
2916000,2,3,1
2917000,1,3,1
2918000,3,4,1
2919000,1,2,1
2920000,3,4,1
2921000,2,4,1
2922000,3,4,1
2923000,3,4,1
2924000,1,2,1
2925000,2,4,1
2926000,1,3,1
2927000,3,4,1
2928000,3,4,1
2929000,1,4,0
2930000,2,3,1
2931000,2,3,1
2932000,2,3,1
2933000,2,3,1
2934000,2,4,1
2935000,1,3,1
2936000,3,4,1
2937000,2,3,0
2938000,1,2,1
2939000,1,4,1
2940000,2,3,1
2941000,2,4,1
2942000,2,4,1
2943000,1,3,1
2944000,1,4,1
2945000,3,4,1
2946000,1,2,1
2947000,1,3,1
2948000,1,2,0
2949000,1,4,0
2950000,3,4,1
2951000,1,2,1
2952000,1,2,1
2953000,1,3,0
2954000,1,4,1
2955000,1,3,0
2956000,2,4,1
2957000,2,4,1
2958000,2,3,1
2959000,1,3,0
2960000,1,4,1
2961000,2,3,1
2962000,1,4,1
2963000,1,4,1
2964000,1,2,1
2965000,2,4,1
2966000,2,3,1
2967000,1,2,1
2968000,1,3,1
2969000,2,3,1
2970000,1,3,1
2971000,1,4,1
2972000,1,2,1
2973000,3,4,1
2974000,1,4,1
2975000,3,4,1
2976000,1,4,1
2977000,1,2,1
2978000,1,2,1
2979000,2,3,1
2980000,3,4,1
2981000,1,4,1
2982000,2,3,1
2983000,2,3,1
2984000,3,4,1
2985000,2,3,1
2986000,1,2,1
2987000,3,4,1
2988000,2,3,1
2989000,1,4,1
2990000,2,3,1
2991000,2,3,1
2992000,3,4,1
2993000,3,4,1
2994000,1,3,1
2995000,1,3,1
2996000,3,4,1
2997000,2,3,1
2998000,2,4,0
2999000,1,4,1
3000000,2,3,1
3001000,1,4,1
3002000,3,4,1
3003000,2,4,1
3004000,2,4,1
3005000,2,3,1
3006000,2,4,1
3007000,3,4,1
3008000,1,3,1
3009000,2,4,0
3010000,1,2,1
3011000,1,2,0
3012000,3,4,1
3013000,1,4,1
3014000,1,2,1
3015000,2,3,0
3016000,2,3,1
3017000,2,4,1
3018000,1,2,0
3019000,1,4,1
3020000,1,4,0
3021000,1,4,1
3022000,1,2,1
3023000,3,4,1
3024000,1,3,0
3025000,2,4,0
3026000,1,2,0
3027000,2,3,1
3028000,1,3,1
3029000,1,4,1
3030000,2,3,1
3031000,1,2,1
3032000,1,4,1
3033000,1,3,0
3034000,1,4,0
3035000,3,4,1
3036000,2,4,1
3037000,1,3,1
3038000,3,4,1
3039000,2,3,1
3040000,1,3,1
3041000,1,4,1
3042000,2,4,1
3043000,3,4,1
3044000,2,3,1
3045000,1,3,1
3046000,1,4,1
3047000,3,4,0
3048000,3,4,0
3049000,2,3,1
3050000,1,4,1
3051000,2,4,1
3052000,1,2,1
3053000,2,4,1
3054000,3,4,1
3055000,1,4,1
3056000,1,3,0
3057000,3,4,1
3058000,1,3,1
3059000,2,4,1
3060000,1,4,1
3061000,1,4,1
3062000,3,4,1
3063000,3,4,1
3064000,1,4,0
3065000,2,4,1
3066000,1,2,0
3067000,2,4,0
3068000,1,2,1
3069000,1,4,1
3070000,3,4,1
3071000,1,4,1
3072000,2,3,1
3073000,2,3,0
3074000,2,4,0
3075000,2,4,0
3076000,1,4,0
3077000,2,3,1
3078000,2,4,1
3079000,1,2,1
3080000,3,4,1
3081000,1,2,1
3082000,1,4,1
3083000,2,4,1
3084000,2,3,1
3085000,2,4,1
3086000,1,3,1
3087000,3,4,1
3088000,1,2,1
3089000,2,3,1
3090000,2,3,0
3091000,1,4,1
3092000,2,3,1
3093000,3,4,1
3094000,2,4,1
3095000,2,3,0
3096000,2,4,1
3097000,3,4,1
3098000,3,4,1
3099000,1,3,1
3100000,2,4,1
3101000,2,3,1
3102000,2,3,1
3103000,3,4,1
3104000,2,3,1
3105000,3,4,1
3106000,1,3,0
3107000,2,3,1
3108000,3,4,1
3109000,2,3,1
3110000,2,3,1
3111000,2,4,1
3112000,1,4,1
3113000,2,3,1
3114000,2,4,1
3115000,2,4,1
3116000,2,3,1
3117000,1,4,1
3118000,2,3,0
3119000,2,4,1
3120000,1,4,1
3121000,1,4,1
3122000,1,3,1
3123000,1,2,1
3124000,1,3,1
3125000,2,3,1
3126000,2,3,1
3127000,3,4,0
3128000,2,3,1
3129000,2,3,1
3130000,2,4,0
3131000,1,4,0
3132000,2,4,1
3133000,1,4,1
3134000,1,2,1
3135000,2,4,1
3136000,2,3,1
3137000,1,3,0
3138000,3,4,1
3139000,3,4,1
3140000,3,4,1
3141000,1,3,1
3142000,2,4,1
3143000,1,3,1
3144000,2,4,1
3145000,2,4,1
3146000,1,4,1
3147000,1,3,1
3148000,2,3,1
3149000,2,4,1
3150000,1,3,1
3151000,1,2,1
3152000,2,4,1
3153000,3,4,0
3154000,1,2,1
3155000,1,3,0
3156000,1,2,1
3157000,3,4,1
3158000,2,3,1
3159000,1,3,1
3160000,1,4,1
3161000,2,4,1
3162000,2,4,1
3163000,2,4,1
3164000,2,3,1
3165000,1,4,1
3166000,1,2,1
3167000,1,2,1
3168000,1,4,1
3169000,1,3,1
3170000,2,3,1
3171000,2,4,1
3172000,2,4,1
3173000,3,4,1
3174000,1,3,1
3175000,1,4,1
3176000,1,3,1
3177000,1,3,1
3178000,1,2,1
3179000,1,3,1
3180000,1,4,0
3181000,2,3,1
3182000,1,4,1
3183000,2,4,1
3184000,1,4,1
3185000,2,3,1
3186000,1,2,1
3187000,3,4,0
3188000,2,3,1
3189000,1,2,1
3190000,2,4,1
3191000,2,4,1
3192000,1,2,1
3193000,3,4,1
3194000,2,4,1
3195000,2,4,1
3196000,2,3,1
3197000,1,3,1
3198000,2,4,1
3199000,1,3,1
3200000,2,3,1
3201000,2,3,1
3202000,3,4,1
3203000,1,2,1
3204000,1,2,1
3205000,1,4,1
3206000,2,3,1
3207000,1,3,1
3208000,2,3,1
3209000,3,4,1
3210000,1,2,1
3211000,2,3,1
3212000,2,4,1
3213000,2,4,1
3214000,2,3,0
3215000,3,4,1
3216000,3,4,1
3217000,1,4,1
3218000,1,2,1
3219000,2,3,1
3220000,3,4,1
3221000,1,2,1
3222000,1,3,1
3223000,1,2,1
3224000,1,3,1
3225000,1,2,0
3226000,1,2,1
3227000,3,4,1
3228000,3,4,1
3229000,1,4,1
3230000,1,3,1
3231000,1,4,1
3232000,3,4,1
3233000,1,4,1
3234000,2,3,1
3235000,1,3,1
3236000,3,4,1
3237000,2,3,1
3238000,2,3,1
3239000,1,3,1
3240000,2,4,1
3241000,1,3,1
3242000,1,2,1
3243000,1,4,1
3244000,1,4,1
3245000,2,4,1
3246000,1,2,1
3247000,1,3,1
3248000,1,4,1
3249000,2,4,0
3250000,1,3,1
3251000,2,4,1
3252000,1,2,1
3253000,3,4,1
3254000,1,2,1
3255000,1,4,1
3256000,3,4,1
3257000,3,4,1
3258000,1,4,1
3259000,1,2,1
3260000,2,4,1
3261000,1,3,1
3262000,1,3,1
3263000,1,2,1
3264000,1,3,1
3265000,1,2,1
3266000,1,4,0
3267000,2,4,1
3268000,3,4,1
3269000,2,3,0
3270000,2,3,1
3271000,2,3,1
3272000,1,2,1
3273000,2,4,1
3274000,1,3,1
3275000,1,3,0
3276000,2,3,1
3277000,3,4,1
3278000,1,2,1
3279000,1,2,1
3280000,2,4,1
3281000,3,4,1
3282000,3,4,1
3283000,1,3,1
3284000,2,3,1
3285000,1,2,1
3286000,1,4,1
3287000,1,4,1
3288000,3,4,1
3289000,1,3,1
3290000,1,2,1
3291000,2,3,1
3292000,1,4,1
3293000,1,3,1
3294000,3,4,1
3295000,2,4,1
3296000,1,4,1
3297000,3,4,1
3298000,1,4,1
3299000,1,3,0
3300000,3,4,1
3301000,1,3,0
3302000,1,3,1
3303000,1,4,1
3304000,3,4,1
3305000,1,3,0
3306000,2,3,1
3307000,1,3,1
3308000,2,3,1
3309000,2,4,1
3310000,2,3,1
3311000,1,4,1
3312000,1,2,0
3313000,2,4,1
3314000,3,4,1
3315000,1,2,1
3316000,2,4,1
3317000,2,3,1
3318000,2,3,1
3319000,2,4,1
3320000,3,4,1
3321000,1,3,1
3322000,2,4,1
3323000,1,2,1
3324000,3,4,1
3325000,2,3,1
3326000,1,4,1
3327000,3,4,1
3328000,2,3,1
3329000,2,3,1
3330000,3,4,1
3331000,2,3,1
3332000,1,3,1
3333000,2,3,1
3334000,3,4,1
3335000,3,4,1
3336000,1,4,1
3337000,1,3,1
3338000,1,3,1
3339000,2,3,1
3340000,1,4,1
3341000,1,2,1
3342000,2,3,1
3343000,1,4,1
3344000,1,3,1
3345000,3,4,1
3346000,1,4,1
3347000,1,4,1
3348000,1,2,1
3349000,1,3,1
3350000,1,4,1
3351000,1,3,1
3352000,2,3,1
3353000,1,4,1
3354000,1,4,0
3355000,2,4,1
3356000,2,3,0
3357000,2,3,1
3358000,1,4,1
3359000,2,4,0
3360000,3,4,1
3361000,3,4,1
3362000,1,2,1
3363000,1,4,0
3364000,1,2,1
3365000,1,2,1
3366000,1,4,1
3367000,1,4,1
3368000,3,4,1
3369000,3,4,0
3370000,1,2,1
3371000,1,4,0
3372000,1,4,1
3373000,1,4,1
3374000,1,2,1
3375000,2,4,1
3376000,1,2,1
3377000,3,4,1
3378000,1,3,1
3379000,3,4,1
3380000,1,3,1
3381000,3,4,1
3382000,2,4,1
3383000,3,4,1
3384000,2,3,1
3385000,1,2,0
3386000,1,4,0
3387000,1,4,1
3388000,1,4,0
3389000,3,4,1
3390000,1,3,1
3391000,2,4,1
3392000,2,3,1
3393000,1,4,1
3394000,3,4,1
3395000,2,3,1
3396000,2,4,1
3397000,1,2,1
3398000,2,4,1
3399000,2,3,1
3400000,1,4,1
3401000,3,4,0
3402000,1,2,1
3403000,1,4,1
3404000,3,4,1
3405000,1,2,1
3406000,2,4,1
3407000,3,4,1
3408000,1,3,1
3409000,2,3,1
3410000,1,2,1
3411000,1,4,1
3412000,2,3,1
3413000,1,4,1
3414000,2,4,1
3415000,3,4,1
3416000,2,3,1
3417000,1,2,1
3418000,1,2,1
3419000,2,3,1
3420000,1,2,0
3421000,2,3,1
3422000,2,3,1
3423000,2,3,1
3424000,1,2,1
3425000,1,2,1
3426000,3,4,1
3427000,1,4,0
3428000,2,3,1
3429000,2,3,0
3430000,2,4,1
3431000,1,2,1
3432000,2,3,1
3433000,2,3,1
3434000,2,4,1
3435000,2,4,1
3436000,1,4,1
3437000,3,4,1
3438000,2,3,1
3439000,1,3,1
3440000,1,3,0
3441000,1,2,1
3442000,3,4,1
3443000,1,4,1
3444000,2,4,1
3445000,3,4,1
3446000,1,4,1
3447000,2,3,1
3448000,2,3,1
3449000,1,2,1
3450000,2,3,1
3451000,1,4,1
3452000,1,3,1
3453000,1,4,1
3454000,1,3,1
3455000,2,3,1
3456000,1,2,1
3457000,1,3,1
3458000,3,4,1
3459000,1,2,1
3460000,1,3,1
3461000,1,3,1
3462000,3,4,0
3463000,2,3,1
3464000,1,3,1
3465000,1,3,1
3466000,3,4,1
3467000,2,3,0
3468000,2,4,1
3469000,2,4,1
3470000,1,3,1
3471000,2,4,0
3472000,1,3,0
3473000,1,3,1
3474000,3,4,1
3475000,1,4,1
3476000,1,2,1
3477000,1,3,0
3478000,2,4,1
3479000,1,2,1
3480000,1,2,1
3481000,1,4,1
3482000,3,4,1
3483000,2,4,1
3484000,3,4,1
3485000,1,2,1
3486000,3,4,1
3487000,2,3,1
3488000,1,3,1
3489000,1,4,0
3490000,3,4,1
3491000,1,4,0
3492000,2,4,1
3493000,2,3,1
3494000,2,4,1
3495000,1,2,0
3496000,1,4,1
3497000,1,2,1
3498000,1,3,0
3499000,1,4,1
3500000,1,4,0
