generation,N_shifts,logPrior,logLik,eventRate,acceptRate
0,0,2.73918,-397.246,1,1
10000,1,5.34543,-392.332,1.04852,0.3257
20000,0,2.82365,-393.627,0.462028,0.330733
30000,0,2.55863,-396.14,0.23743,0.329089
40000,0,2.26645,-394.57,0.929958,0.326367
50000,0,3.48228,-394.463,0.243206,0.3257
60000,1,3.85761,-397.635,0.281951,0.333111
70000,0,2.07533,-394.619,1.42865,0.3414
80000,0,3.45751,-396.685,0.0832079,0.347625
90000,0,3.06322,-394.028,0.192964,0.345
100000,0,2.81802,-393.991,0.484082,0.3387
110000,0,3.45265,-396.559,0.0757708,0.33755
120000,0,0.767355,-396.874,1.26411,0.34245
130000,0,2.06129,-394.335,1.16087,0.34125
140000,1,5.02872,-393.485,0.803352,0.3235
150000,0,2.14111,-394.511,0.6731,0.32965
160000,0,2.69729,-393.632,0.669311,0.339157
170000,1,4.88958,-394.861,0.646535,0.3388
180000,0,0.765407,-395.972,1.51276,0.33424
190000,0,2.8276,-395.67,0.23999,0.3531
200000,0,1.05494,-393.575,2.29046,0.3144
210000,0,3.28026,-394.591,0.0639538,0.331825
220000,0,2.62191,-393.587,0.927496,0.33915
230000,0,2.76098,-393.943,0.522395,0.335363
240000,0,1.88682,-396.883,1.84953,0.3426
250000,0,3.10023,-394.035,0.146716,0.337875
260000,0,2.55697,-396.189,0.0358592,0.3362
270000,0,2.68212,-396.322,0.795347,0.33905
280000,0,3.05389,-395.809,0.20607,0.34275
290000,0,2.61754,-394.839,0.198012,0.3253
300000,0,3.01818,-394.24,0.291317,0.3379
310000,0,2.74034,-396.232,0.560588,0.3451
320000,0,2.51097,-397.27,0.0459276,0.33294
330000,0,2.16046,-395.619,0.30256,0.334014
340000,0,2.32171,-395.284,1.31846,0.332233
350000,0,2.16234,-398.235,0.306519,0.340133
360000,0,2.12319,-396.569,1.27126,0.339133
370000,1,3.61328,-396.075,1.12783,0.3437
380000,0,3.42683,-395.913,0.258014,0.3287
390000,0,3.52692,-395.431,0.159682,0.327233
400000,0,1.93295,-396.086,1.43857,0.3342
410000,0,2.96069,-394.897,0.696558,0.3479
420000,2,3.54095,-397.223,2.80284,0.332537
430000,0,2.89163,-393.875,0.416791,0.3342
440000,0,3.3767,-395.32,0.183449,0.332978
450000,0,2.93601,-395.197,0.743,0.329133
460000,0,3.59472,-396.484,0.0986942,0.324
470000,0,3.24302,-394.822,0.146089,0.332367
480000,0,2.09956,-395.529,0.382028,0.3355
490000,1,2.96739,-399.053,1.35302,0.3258
500000,0,3.60911,-395.01,0.0851978,0.3242
510000,0,2.81383,-394.409,0.546705,0.3249
520000,0,3.18972,-394.802,0.1396,0.328757
530000,1,4.41716,-395.773,0.887382,0.329067
540000,0,2.46464,-395.471,1.1549,0.34015
550000,0,2.61562,-396.422,0.302375,0.3178
560000,0,2.97584,-393.387,0.362426,0.324667
570000,0,2.451,-394.4,0.609505,0.3418
580000,0,3.26613,-393.992,0.102186,0.334747
590000,0,2.6036,-396.198,1.06837,0.335675
600000,3,9.04727,-398.357,2.05359,0.3663
610000,1,3.81637,-391.312,2.83328,0.34118
620000,0,2.80776,-393.752,0.773026,0.33555
630000,0,3.04655,-395.847,0.104803,0.332467
640000,0,3.11154,-393.805,0.302151,0.327767
650000,0,2.52047,-395.661,0.683685,0.3289
660000,0,3.11356,-394.679,0.593026,0.327925
670000,0,1.61689,-394.238,1.53764,0.335167
680000,0,3.3299,-393.902,0.35577,0.3317
690000,0,3.51241,-396.282,0.0667251,0.3421
700000,0,3.29081,-395.077,0.0618038,0.32626
710000,0,1.91227,-394.397,0.928409,0.3155
720000,0,3.50336,-394.365,0.16769,0.32946
730000,0,2.91188,-399.915,0.512057,0.330707
740000,0,3.44403,-395.711,0.000946599,0.33384
750000,1,3.63454,-393.642,2.95151,0.3437
760000,0,3.20991,-393.597,0.0558623,0.35815
770000,1,5.87877,-394.082,0.68635,0.36815
780000,0,2.4189,-395.115,0.146048,0.3139
790000,0,3.66859,-395.265,0.0336851,0.3254
800000,0,2.69778,-395.586,0.0233634,0.3246
810000,0,2.98314,-393.793,0.441302,0.343313
820000,0,2.92797,-399.453,0.346453,0.34115
830000,0,3.05216,-395.837,0.665979,0.33755
840000,0,2.72075,-397.352,0.835737,0.338146
850000,0,3.33106,-394.611,0.113022,0.359
860000,0,1.62722,-396.824,2.02027,0.3462
870000,1,4.77567,-396.387,0.612907,0.336686
880000,0,2.61048,-395.867,0.366583,0.342367
890000,0,2.96232,-394.905,0.67532,0.3327
900000,0,2.47743,-395.226,0.0549475,0.33745
910000,1,5.90022,-398.971,0.314233,0.3594
920000,0,3.0596,-394.498,0.0195059,0.3246
930000,0,2.48391,-393.981,0.633984,0.34637
940000,0,2.91061,-395.045,0.731187,0.3554
950000,0,2.57971,-394.163,1.02322,0.35335
960000,0,3.5503,-396.976,0.0754912,0.3312
970000,0,2.87535,-394.019,0.293057,0.3355
980000,0,3.22745,-395.085,0.517482,0.34526
990000,0,2.56749,-394.888,1.06015,0.3365
1000000,0,3.70458,-395.535,0.024061,0.346
1010000,0,2.23927,-393.921,0.95966,0.3474
1020000,0,2.10722,-394.917,0.809161,0.33878
1030000,1,4.46993,-397.179,1.15425,0.353933
1040000,1,5.28322,-394.96,0.345713,0.348394
1050000,0,1.59712,-395.74,1.05172,0.348225
1060000,0,3.32905,-397.682,0.0206137,0.3301
1070000,1,4.39673,-392.483,1.21128,0.37255
1080000,0,3.37619,-394.097,0.309024,0.3504
1090000,0,2.95566,-394.633,0.173625,0.3296
1100000,0,1.98907,-394.741,0.758763,0.344
1110000,1,3.30867,-394.239,0.493909,0.3235
1120000,0,3.00332,-396.006,0.67742,0.33532
1130000,0,2.78385,-393.58,0.558631,0.335571
1140000,0,3.35919,-394.024,0.103518,0.369
1150000,0,3.39584,-396.813,0.168277,0.3399
1160000,0,2.7036,-393.974,0.764799,0.348725
1170000,0,3.11082,-394.07,0.049438,0.3089
1180000,0,3.47569,-394.762,0.0920151,0.332667
1190000,0,2.7089,-394.943,1.01578,0.3484
1200000,1,2.16983,-394.369,2.12249,0.338
1210000,0,3.64304,-399.12,0.0272351,0.329
1220000,0,2.65854,-393.954,0.90606,0.3484
1230000,0,3.29803,-394.598,0.175062,0.3493
1240000,1,5.03934,-395.812,0.498849,0.332454
1250000,0,2.22315,-394.382,1.41207,0.3184
1260000,0,3.56829,-395.603,0.0310312,0.32595
1270000,0,3.01161,-397.327,0.0300927,0.317067
1280000,0,2.52841,-395.103,0.250616,0.329357
1290000,0,3.07521,-394.055,0.596635,0.333375
1300000,0,2.2334,-393.899,1.0192,0.3198
1310000,0,3.00499,-394.063,0.141803,0.33855
1320000,0,3.15077,-395.885,0.252509,0.33064
1330000,1,6.35295,-397.624,0.85301,0.3589
1340000,0,3.60897,-394.067,0.0685193,0.3254
1350000,0,1.85789,-394.574,1.55189,0.3607
1360000,1,4.4424,-394.79,1.01374,0.3407
1370000,0,1.80464,-394.198,1.10225,0.334717
1380000,0,2.45615,-396.953,0.559763,0.3305
1390000,0,1.9359,-393.73,1.24824,0.334377
1400000,0,3.34679,-393.959,0.00900317,0.3616
1410000,0,3.32436,-396.187,0.0409468,0.3299
1420000,0,3.1837,-393.366,0.238332,0.34875
1430000,0,2.19753,-393.826,1.06033,0.34205
1440000,0,3.20765,-395.594,0.0744884,0.335238
1450000,0,2.08773,-393.754,1.12249,0.32825
1460000,0,1.64134,-395.587,1.35942,0.32735
1470000,0,2.91854,-397.213,0.483157,0.3304
1480000,4,12.8677,-396.812,0.988517,0.3494
1490000,1,5.02913,-394.657,1.0353,0.331271
1500000,0,2.4851,-395.933,0.48578,0.333489
1510000,0,2.48645,-396.386,0.285057,0.333767
1520000,0,2.75485,-393.866,0.271943,0.3207
1530000,0,1.84441,-396.112,0.783993,0.324375
1540000,0,1.75844,-394.459,1.11151,0.33
1550000,0,2.73442,-396.036,0.545109,0.3355
1560000,0,2.57182,-396.246,0.11667,0.324583
1570000,1,-0.749221,-396.215,4.01687,0.3552
1580000,0,1.24533,-394.878,1.86619,0.340783
1590000,0,2.30042,-396.034,0.707103,0.333158
1600000,0,3.018,-394.139,0.0757231,0.3036
1610000,1,3.78044,-395.152,0.79369,0.3309
1620000,0,2.70639,-393.881,0.492808,0.33496
1630000,0,3.18585,-397.75,0.436063,0.33345
1640000,0,2.59545,-393.6,0.723849,0.331183
1650000,0,3.06723,-398.02,0.427347,0.3433
1660000,0,3.64691,-395.171,0.0446065,0.34974
1670000,0,3.50645,-397.863,0.126213,0.3342
1680000,0,3.19936,-395.458,0.391469,0.3493
1690000,0,3.00991,-394.785,0.670879,0.3526
1700000,0,3.10588,-393.609,0.0801877,0.3478
1710000,0,2.512,-395.797,0.0776463,0.340429
1720000,0,2.4725,-393.981,0.926732,0.332986
1730000,0,2.786,-393.692,0.489733,0.33607
1740000,0,3.34582,-394.879,0.120269,0.329333
1750000,0,2.34792,-395.826,0.190686,0.3292
1760000,0,2.7619,-395.949,0.817504,0.357
1770000,0,1.77915,-395.056,0.549398,0.3452
1780000,0,1.66651,-397.007,0.972234,0.332633
1790000,0,3.10928,-394.793,0.0756322,0.335722
1800000,0,3.58259,-395.258,0.068916,0.334
1810000,0,3.06498,-393.522,0.44951,0.3459
1820000,0,3.39415,-395.82,0.00203925,0.3293
1830000,0,3.25879,-394.907,0.14769,0.3234
1840000,0,2.00497,-395.239,1.30743,0.334
1850000,0,1.56581,-395.814,1.37285,0.32905
1860000,0,1.47703,-393.587,1.88236,0.3268
1870000,0,3.50486,-394.336,0.178702,0.3248
1880000,0,3.53946,-393.57,0.0253278,0.327917
1890000,0,3.18091,-397.342,0.54936,0.3169
1900000,0,1.62325,-396.05,0.900948,0.335863
1910000,0,3.1182,-394.895,0.350568,0.34895
1920000,0,2.91809,-394.592,0.582584,0.3526
1930000,0,1.28253,-397.105,1.57764,0.3205
1940000,0,3.22719,-394.513,0.0802934,0.342067
1950000,0,2.88937,-394.008,0.287642,0.3435
1960000,1,5.3778,-396.925,0.890015,0.3534
1970000,0,2.52275,-393.512,0.880396,0.339433
1980000,0,3.16694,-394.42,0.429093,0.339343
1990000,0,2.78114,-393.855,0.528959,0.3364
2000000,0,2.29236,-395.557,0.93878,0.339385
2010000,0,2.64659,-396.638,0.194844,0.33755
2020000,0,3.13889,-395.63,0.469574,0.363
2030000,1,5.93758,-394.57,0.297516,0.3533
2040000,0,2.27525,-395.408,0.390042,0.339367
2050000,0,3.5392,-396.698,0.194334,0.335611
2060000,0,2.06255,-393.837,1.20393,0.330133
2070000,0,2.97209,-395.748,0.381213,0.323033
2080000,0,3.46834,-395.619,0.058597,0.3263
2090000,0,3.11471,-394.404,0.279171,0.334
2100000,0,3.40047,-393.943,0.0312638,0.3443
2110000,0,3.33587,-396.342,0.387753,0.3357
2120000,0,3.29446,-395.25,0.12263,0.333967
2130000,0,3.57528,-394.068,0.0668102,0.35544
2140000,0,2.67766,-393.956,0.862123,0.356067
2150000,0,2.66918,-394.673,0.26562,0.3425
2160000,1,6.67891,-399.347,0.227729,0.341833
2170000,0,1.8435,-396.636,0.292478,0.33235
2180000,0,3.17805,-393.648,0.327982,0.3162
2190000,0,2.86423,-393.906,0.466045,0.336
2200000,0,3.17855,-393.967,0.00283537,0.334524
2210000,0,3.47449,-393.743,0.143391,0.3319
2220000,0,2.27771,-400.412,0.0700408,0.3357
2230000,0,3.07892,-393.509,0.405186,0.33484
2240000,0,1.67786,-397.186,1.03043,0.335767
2250000,0,2.42417,-394.906,1.00137,0.3237
2260000,1,5.16338,-392.877,0.551994,0.333567
2270000,2,4.2076,-394.04,2.23213,0.3294
2280000,0,2.71082,-395.752,0.391397,0.343467
2290000,0,2.23408,-394.87,1.05594,0.3124
2300000,0,2.53709,-394.367,0.936071,0.3312
2310000,0,2.41779,-394.761,0.351122,0.3218
2320000,0,3.12169,-393.891,0.221657,0.3373
2330000,0,1.21354,-394.672,2.238,0.3349
2340000,0,2.88111,-397.593,0.222832,0.324
2350000,0,2.82186,-395.827,0.827305,0.332867
2360000,0,2.07745,-395.404,0.383237,0.3229
2370000,0,2.77673,-395.154,0.565313,0.3379
2380000,0,1.99586,-394.237,1.12186,0.331029
2390000,0,3.16028,-393.841,0.472856,0.335742
2400000,0,3.44355,-394.176,0.0697625,0.3363
2410000,0,2.03136,-394.623,1.61085,0.332
2420000,0,3.21626,-393.903,0.25972,0.335017
2430000,0,2.5583,-394.465,0.512864,0.328967
2440000,0,2.94254,-394.053,0.18097,0.33
2450000,0,2.45097,-394.628,0.549588,0.334
2460000,0,3.65354,-395.991,0.0825615,0.32385
2470000,0,2.79723,-394.623,0.908835,0.3726
2480000,0,3.04817,-394.853,0.284222,0.334667
2490000,0,2.57682,-394.851,0.360501,0.33515
2500000,1,5.9097,-393.646,0.655305,0.33485
2510000,1,6.40477,-395.638,0.461821,0.33815
2520000,1,5.67758,-396.675,0.496887,0.350833
2530000,0,2.4679,-394.114,0.655333,0.340567
2540000,0,3.26742,-399.324,0.126589,0.350025
2550000,0,2.59344,-395.333,0.757166,0.341825
2560000,1,2.6456,-398.432,1.84749,0.3872
2570000,2,5.99168,-394.947,0.753225,0.3628
2580000,0,3.29361,-394.213,0.158122,0.3566
2590000,0,2.22707,-397.807,1.24653,0.35725
2600000,0,3.16881,-395.318,0.53549,0.342737
2610000,0,1.24825,-394.188,1.699,0.3253
2620000,0,2.82826,-394.559,0.810686,0.337022
2630000,0,2.34744,-397.658,1.2097,0.3333
2640000,0,2.33488,-394.586,1.21337,0.3411
2650000,0,1.98035,-394.78,1.3244,0.337167
2660000,1,1.59134,-394.016,1.73748,0.3366
2670000,0,2.98944,-394.486,0.18409,0.343967
2680000,0,1.33364,-398.042,0.803938,0.34245
2690000,0,3.0368,-397.62,0.496676,0.3388
2700000,0,3.18749,-396.857,0.00131491,0.330333
2710000,0,3.28223,-395.272,0.359396,0.331617
2720000,1,5.67568,-394.387,0.917801,0.3359
2730000,0,2.05219,-396.89,1.12727,0.335425
2740000,1,4.37922,-394.162,0.690843,0.3391
2750000,0,2.86939,-396.19,0.192288,0.3591
2760000,0,3.20324,-393.993,0.330647,0.3412
2770000,0,2.36508,-398.714,0.276473,0.339667
2780000,0,1.71939,-394.407,1.38819,0.3276
2790000,0,2.85278,-393.587,0.528499,0.330933
2800000,0,3.21653,-394.679,0.218237,0.3371
2810000,0,2.36018,-396.59,0.950337,0.3205
2820000,0,3.50351,-395.047,0.167313,0.330675
2830000,0,3.26489,-397.337,0.386929,0.33594
2840000,0,2.28953,-395.035,0.351333,0.3405
2850000,0,2.67701,-394.244,0.272368,0.3326
2860000,0,2.97687,-395.382,0.233423,0.32115
2870000,0,2.78927,-397.063,0.361634,0.338
2880000,0,2.72546,-394.506,0.476876,0.3418
2890000,0,3.31992,-398.364,0.165794,0.3381
2900000,0,2.76708,-393.706,0.519743,0.32355
2910000,0,3.62128,-394.533,0.0790402,0.335063
2920000,0,3.3553,-395.68,0.251943,0.3314
2930000,1,5.63612,-394.153,0.98711,0.338633
2940000,0,3.40254,-397.338,0.248612,0.3403
2950000,0,2.61183,-397.195,0.0204849,0.3562
2960000,0,2.75585,-395.5,0.730211,0.3352
2970000,0,2.60361,-395.24,1.02048,0.35026
2980000,0,3.04287,-395.126,0.297549,0.3539
2990000,0,1.4537,-394.874,2.11041,0.34648
3000000,0,2.42255,-394.32,0.982091,0.34485
3010000,1,3.97415,-399.709,1.24351,0.338433
3020000,0,3.26177,-395.244,0.206039,0.342746
3030000,0,2.90332,-398.684,0.139415,0.334375
3040000,0,3.2062,-393.928,0.269574,0.3428
3050000,0,3.11093,-396.501,0.414029,0.3356
3060000,0,3.51598,-395.12,0.170282,0.33975
3070000,0,2.47849,-394,0.846083,0.34155
3080000,0,2.12822,-395.938,1.39648,0.3342
3090000,1,4.86773,-394.778,0.694779,0.3556
3100000,1,4.72337,-392.693,0.732617,0.3361
3110000,0,3.23839,-395.519,0.144235,0.3421
3120000,0,3.5039,-395.914,0.19902,0.342978
3130000,0,2.88766,-394.481,0.427298,0.33665
3140000,0,3.30508,-393.463,0.0376946,0.32745
3150000,0,2.34678,-399.73,0.0108498,0.33925
3160000,0,2.09558,-396.16,0.357958,0.3447
3170000,0,2.68102,-394.842,0.418548,0.339218
3180000,0,2.89798,-393.859,0.409034,0.3342
3190000,1,6.09923,-393.155,0.244594,0.3364
3200000,0,2.49617,-395.129,0.185921,0.33405
3210000,0,2.84185,-393.849,0.427035,0.33005
3220000,0,3.03319,-395.727,0.0373173,0.31555
3230000,0,2.21717,-395.838,1.44807,0.3392
3240000,0,3.59352,-395.92,0.0654758,0.329567
3250000,0,3.16533,-395.361,0.0938938,0.33895
3260000,1,5.60319,-394.958,1.18215,0.3325
3270000,0,3.34331,-395.499,0.0186261,0.3302
3280000,0,3.31208,-397.256,0.169882,0.332138
3290000,2,6.40564,-394.304,0.973889,0.34275
3300000,0,2.81293,-394.074,0.391755,0.3275
3310000,0,3.56946,-394.775,0.0382544,0.33294
3320000,0,2.68742,-395.324,0.311415,0.3416
3330000,0,2.9466,-393.45,0.46713,0.3632
3340000,0,3.39271,-393.654,0.0742317,0.3534
3350000,0,2.66257,-393.726,0.638118,0.342314
3360000,0,2.89873,-395.868,0.166232,0.3558
3370000,0,3.54257,-394.926,0.050837,0.3288
3380000,0,1.89636,-395.988,1.23225,0.336788
3390000,0,2.48432,-396.82,0.0454176,0.3334
3400000,0,1.4365,-393.932,2.05777,0.336383
3410000,0,1.8437,-396.479,0.715998,0.3439
3420000,0,3.20177,-398.072,0.0745223,0.3305
3430000,0,2.0111,-394.816,1.12013,0.3504
3440000,0,2.97522,-396.528,0.134164,0.3152
3450000,0,1.84777,-399.596,0.59096,0.337833
3460000,0,0.00784306,-400.866,2.10806,0.335843
3470000,0,1.69925,-394.091,1.72484,0.32885
3480000,0,3.13668,-394.286,0.158568,0.3385
3490000,0,2.54438,-394.057,0.578062,0.3343
