col1	col2	col3	col4	col5	col6	col7	col8	col9
row1	0	0	0	0	0	0	0	0	0
row2	0	0	0	0	0	0	0	0	0
row3	0	0	0	0	0	0	0	0	0
row4	0	0	0	0	0	0	0	0	0
row5	0	0	0	0	0	0	0	0	0
row6	0	0	0	0	0	0	0	0	0
row7	0	0	0	0	0	0	0	0	0
row8	0	0	0	0	0	0	0	0	0
row9	0	0	0	0	0	0	0	0	0
row10	0	0	0	0	0	0	0	0	0
row11	0	0	0	0	0	0	0	0	0
row12	0	0	0	0	0	0	0	0	0
row13	0	0	0	0	0	0	0	0	0
row14	0	0	0	0	0	0	0	0	0
row15	0	0	0	0	0	0	0	0	0
row16	0	0	0	0	0	0	0	0	0
row17	0	0	0	0	0	0	0	0	0
row18	0	0	0	0	0	0	0	0	0
row19	0	0	0	0	0	0	0	0	0
row20	0	0	0	0	0	0	0	0	0
row21	0	0	0	0	0	0	0	0	0
row22	0	0	0	0	0	0	0	0	0
row23	0	0	0	0	0	0	0	0	0
row24	0	0	0	0	0	0	0	0	0
row25	0	0	0	0	0	0	0	0	0
row26	0	0	0	0	0	0	0	0	0
row27	0	0	0	0	0	0	0	0	0
row28	0	0	0	0	0	0	0	0	0
row29	0	0	0	0	0	0	0	0	0
row30	0	0	0	0	0	0	0	0	0
row31	0	0	0	0	0	0	0	0	0
row32	0	0	0	0	0	0	0	0	0
row33	0	0	0	0	0	0	0	0	0
row34	0	0	0	0	0	0	0	0	0
row35	0	0	0	0	0	0	0	0	0
row36	0	0	0	0	0	0	0	0	0
row37	0	0	0	0	0	0	0	0	0
row38	0	0	0	0	0	0	0	0	0
row39	0	0	0	0	0	0	0	0	0
row40	0	0	0	0	0	0	0	0	0
row41	0	0	0	0	0	0	0	0	0
row42	0	0	0	0	0	0	0	0	0
row43	0	0	0	0	0	0	0	0	0
row44	0	0	0	0	0	0	0	0	0
row45	0	0	0	0	0	0	0	0	0
row46	0	0	0	0	0	0	0	0	0
row47	0	0	0	0	0	0	0	0	0
row48	0	0	0	0	0	0	0	0	0
row49	0	0	0	0	0	0	0	0	0
row50	0	0	0	0	0	0	0	0	0
row51	0	0	0	0	0	0	0	0	0
row52	0	0	0	0	0	0	0	0	0
row53	0	0	0	0	0	0	0	0	0
row54	0	0	0	0	0	0	0	0	0
row55	0	0	0	0	0	0	0	0	0
row56	0	0	0	0	0	0	0	0	0
row57	0	0	0	0	0	0	0	0	0
row58	0	0	0	0	0	0	0	0	0
row59	0	0	0	0	0	0	0	0	0
row60	0	0	0	0	0	0	0	0	0
row61	0	0	0	0	0	0	0	0	0
row62	0	0	0	0	0	0	0	0	0
row63	0	0	0	0	0	0	0	0	0
row64	0	0	0	0	0	0	0	0	0
row65	0	0	0	0	0	0	0	0	0
row66	0	0	0	0	0	0	0	0	0
row67	0	0	0	0	0	0	0	0	0
row68	0	0	0	0	0	0	0	0	0
row69	0	0	0	0	0	0	0	0	0
row70	0	0	0	0	0	0	0	0	0
row71	0	0	0	0	0	0	0	0	0
row72	0	0	0	0	0	0	0	0	0
row73	0	0	0	0	0	0	0	0	0
row74	0	0	0	0	0	0	0	0	0
row75	0	0	0	0	0	0	0	0	0
row76	0	0	0	0	0	0	0	0	0
row77	0	0	0	0	0	0	0	0	0
row78	0	0	0	0	0	0	0	0	0
row79	0	0	0	0	0	0	0	0	0
row80	0	0	0	0	0	0	0	0	0
row81	0	0	0	0	0	0	0	0	0
row82	0	0	0	0	0	0	0	0	0
row83	0	0	0	0	0	0	0	0	0
row84	0	0	0	0	0	0	0	0	0
row85	0	0	0	0	0	0	0	0	0
row86	0	0	0	0	0	0	0	0	0
row87	0	0	0	0	0	0	0	0	0
row88	0	0	0	0	0	0	0	0	0
row89	0	0	0	0	0	0	0	0	0
row90	0	0	0	0	0	0	0	0	0
row91	0	0	0	0	0	0	0	0	0
row92	0	0	0	0	0	0	0	0	0
row93	0	0	0	0	0	0	0	0	0
row94	0	0	0	0	0	0	0	0	0
row95	0	0	0	0	0	0	0	0	0
row96	0	0	0	0	0	0	0	0	0
row97	0	0	0	0	0	0	0	0	0
row98	0	0	0	0	0	0	0	0	0
row99	0	0	0	0	0	0	0	0	0
row100	0	0	0	0	0	0	0	0	0
row101	0	0	0	0	0	0	0	0	0
row102	0	0	0	0	0	0	0	0	0
row103	0	0	0	0	0	0	0	0	0
row104	0	0	0	0	0	0	0	0	0
row105	0	0	0	0	0	0	0	0	0
row106	0	0	0	0	0	0	0	0	0
row107	0	0	0	0	0	0	0	0	0
row108	0	0	0	0	0	0	0	0	0
row109	0	0	0	0	0	0	0	0	0
row110	0	0	0	0	0	0	0	0	0
row111	0	0	0	0	0	0	0	0	0
row112	0	0	0	0	0	0	0	0	0
row113	0	0	0	0	0	0	0	0	0
row114	0	0	0	0	0	0	0	0	0
row115	0	0	0	0	0	0	0	0	0
row116	0	0	0	0	0	0	0	0	0
row117	0	0	0	0	0	0	0	0	0
row118	0	0	0	0	0	0	0	0	0
row119	0	0	0	0	0	0	0	0	0
row120	0	0	0	0	0	0	0	0	0
row121	0	0	0	0	0	0	0	0	0
row122	0	0	0	0	0	0	0	0	0
row123	0	0	0	0	0	0	0	0	0
row124	0	0	0	0	0	0	0	0	0
row125	0	0	0	0	0	0	0	0	0
row126	0	0	0	0	0	0	0	0	0
row127	0	0	0	0	0	0	0	0	0
row128	0	0	0	0	0	0	0	0	0
row129	0	0	0	0	0	0	0	0	0
row130	0	0	0	0	0	0	0	0	0
row131	0	0	0	0	0	0	0	0	0
row132	0	0	0	0	0	0	0	0	0
row133	0	0	0	0	0	0	0	0	0
row134	0	0	0	0	0	0	0	0	0
row135	0	0	0	0	0	0	0	0	0
row136	0	0	0	0	0	0	0	0	0
row137	0	0	0	0	0	0	0	0	0
row138	0	0	0	0	0	0	0	0	0
row139	0	0	0	0	0	0	0	0	0
row140	0	0	0	0	0	0	0	0	0
row141	0	0	0	0	0	0	0	0	0
row142	0	0	0	0	0	0	0	0	0
row143	0	0	0	0	0	0	0	0	0
row144	0	0	0	0	0	0	0	0	0
row145	0	0	0	0	0	0	0	0	0
row146	0	0	0	0	0	0	0	0	0
row147	0	0	0	0	0	0	0	0	0
row148	0	0	0	0	0	0	0	0	0
row149	0	0	0	0	0	0	0	0	0
row150	0	0	0	0	0	0	0	0	0
row151	0	0	0	0	0	0	0	0	0
row152	0	0	0	0	0	0	0	0	0
row153	0	0	0	0	0	0	0	0	0
row154	0	0	0	0	0	0	0	0	0
row155	0	0	0	0	0	0	0	0	0
row156	0	0	0	0	0	0	0	0	0
row157	0	0	0	0	0	0	0	0	0
row158	0	0	0	0	0	0	0	0	0
row159	0	0	0	0	0	0	0	0	0
row160	0	0	0	0	0	0	0	0	0
row161	0	0	0	0	0	0	0	0	0
row162	0	0	0	0	0	0	0	0	0
row163	0	0	0	0	0	0	0	0	0
row164	0	0	0	0	0	0	0	0	0
row165	0	0	0	0	0	0	0	0	0
row166	0	0	0	0	0	0	0	0	0
row167	0	0	0	0	0	0	0	0	0
row168	0	0	0	0	0	0	0	0	0
row169	0	0	0	0	0	0	0	0	0
row170	0	0	0	0	0	0	0	0	0
row171	0	0	0	0	0	0	0	0	0
row172	0	0	0	0	0	0	0	0	0
row173	0	0	0	0	0	0	0	0	0
row174	0	0	0	0	0	0	0	0	0
row175	0	0	0	0	0	0	0	0	0
row176	0	0	0	0	0	0	0	0	0
row177	0	0	0	0	0	0	0	0	0
row178	0	0	0	0	0	0	0	0	0
row179	0	0	0	0	0	0	0	0	0
row180	0	0	0	0	0	0	0	0	0
row181	0	0	0	0	0	0	0	0	0
row182	0	0	0	0	0	0	0	0	0
row183	0	0	0	0	0	0	0	0	0
row184	0	0	0	0	0	0	0	0	0
row185	0	0	0	0	0	0	0	0	0
row186	0	0	0	0	0	0	0	0	0
row187	0	0	0	0	0	0	0	0	0
row188	0	0	0	0	0	0	0	0	0
row189	0	0	0	0	0	0	0	0	0
row190	0	0	0	0	0	0	0	0	0
row191	0	0	0	0	0	0	0	0	0
row192	0	0	0	0	0	0	0	0	0
row193	0	0	0	0	0	0	0	0	0
row194	0	0	0	0	0	0	0	0	0
row195	0	0	0	0	0	0	0	0	0
row196	0	0	0	0	0	0	0	0	0
row197	0	0	0	0	0	0	0	0	0
row198	0	0	0	0	0	0	0	0	0
row199	0	0	0	0	0	0	0	0	0
row200	0	0	0	0	0	0	0	0	0
row201	0	0	0	0	0	0	0	0	0
row202	0	0	0	0	0	0	0	0	0
row203	0	0	0	0	0	0	0	0	0
row204	0	0	0	0	0	0	0	0	0
row205	0	0	0	0	0	0	0	0	0
row206	0	0	0	0	0	0	0	0	0
row207	0	0	0	0	0	0	0	0	0
row208	0	0	0	0	0	0	0	0	0
row209	0	0	0	0	0	0	0	0	0
row210	0	0	0	0	0	0	0	0	0
row211	0	0	0	0	0	0	0	0	0
row212	0	0	0	0	0	0	0	0	0
row213	0	0	0	0	0	0	0	0	0
row214	0	0	0	0	0	0	0	0	0
row215	0	0	0	0	0	0	0	0	0
row216	0	0	0	0	0	0	0	0	0
row217	0	0	0	0	0	0	0	0	0
row218	0	0	0	0	0	0	0	0	0
row219	0	0	0	0	0	0	0	0	0
row220	0	0	0	0	0	0	0	0	0
row221	0	0	0	0	0	0	0	0	0
row222	0	0	0	0	0	0	0	0	0
row223	0	0	0	0	0	0	0	0	0
row224	0	0	0	0	0	0	0	0	0
row225	0	0	0	0	0	0	0	0	0
row226	0	0	0	0	0	0	0	0	0
row227	0	0	0	0	0	0	0	0	0
row228	0	0	0	0	0	0	0	0	0
row229	0	0	0	0	0	0	0	0	0
row230	0	0	0	0	0	0	0	0	0
row231	0	0	0	0	0	0	0	0	0
row232	0	0	0	0	0	0	0	0	0
row233	0	0	0	0	0	0	0	0	0
row234	0	0	0	0	0	0	0	0	0
row235	0	0	0	0	0	0	0	0	0
row236	0	0	0	0	0	0	0	0	0
row237	0	0	0	0	0	0	0	0	0
row238	0	0	0	0	0	0	0	0	0
row239	0	0	0	0	0	0	0	0	0
row240	0	0	0	0	0	0	0	0	0
row241	0	0	0	0	0	0	0	0	0
row242	0	0	0	0	0	0	0	0	0
row243	0	0	0	0	0	0	0	0	0
row244	0	0	0	0	0	0	0	0	0
row245	0	0	0	0	0	0	0	0	0
row246	0	0	0	0	0	0	0	0	0
row247	0	0	0	0	0	0	0	0	0
row248	0	0	0	0	0	0	0	0	0
row249	0	0	0	0	0	0	0	0	0
row250	0	0	0	0	0	0	0	0	0
row251	0	0	0	0	0	0	0	0	0
row252	0	0	0	0	0	0	0	0	0
row253	0	0	0	0	0	0	0	0	0
row254	0	0	0	0	0	0	0	0	0
row255	0	0	0	0	0	0	0	0	0
row256	0	0	0	0	0	0	0	0	0
row257	0	0	0	0	0	0	0	0	0
row258	0	0	0	0	0	0	0	0	0
row259	0	0	0	0	0	0	0	0	0
row260	0	0	0	0	0	0	0	0	0
row261	0	0	0	0	0	0	0	0	0
row262	0	0	0	0	0	0	0	0	0
row263	0	0	0	0	0	0	0	0	0
row264	0	0	0	0	0	0	0	0	0
row265	0	0	0	0	0	0	0	0	0
row266	0	0	0	0	0	0	0	0	0
row267	0	0	0	0	0	0	0	0	0
row268	0	0	0	0	0	0	0	0	0
row269	0	0	0	0	0	0	0	0	0
row270	0	0	0	0	0	0	0	0	0
row271	0	0	0	0	0	0	0	0	0
row272	0	0	0	0	0	0	0	0	0
row273	0	0	0	0	0	0	0	0	0
row274	0	0	0	0	0	0	0	0	0
row275	0	0	0	0	0	0	0	0	0
row276	0	0	0	0	0	0	0	0	0
row277	0	0	0	0	0	0	0	0	0
row278	0	0	0	0	0	0	0	0	0
row279	0	0	0	0	0	0	0	0	0
row280	0	0	0	0	0	0	0	0	0
row281	0	0	0	0	0	0	0	0	0
row282	0	0	0	0	0	0	0	0	0
row283	0	0	0	0	0	0	0	0	0
row284	0	0	0	0	0	0	0	0	0
row285	0	0	0	0	0	0	0	0	0
row286	0	0	0	0	0	0	0	0	0
row287	0	0	0	0	0	0	0	0	0
row288	0	0	0	0	0	0	0	0	0
row289	0	0	0	0	0	0	0	0	0
row290	0	0	0	0	0	0	0	0	0
row291	0	0	0	0	0	0	0	0	0
row292	0	0	0	0	0	0	0	0	0
row293	0	0	0	0	0	0	0	0	0
row294	0	0	0	0	0	0	0	0	0
row295	0	0	0	0	0	0	0	0	0
row296	0	0	0	0	0	0	0	0	0
row297	0	0	0	0	0	0	0	0	0
row298	0	0	0	0	0	0	0	0	0
row299	0	0	0	0	0	0	0	0	0
row300	0	0	0	0	0	0	0	0	0
row301	0	0	0	0	0	0	0	0	0
row302	0	0	0	0	0	0	0	0	0
row303	0	0	0	0	0	0	0	0	0
row304	0	0	0	0	0	0	0	0	0
row305	0	0	0	0	0	0	0	0	0
row306	0	0	0	0	0	0	0	0	0
row307	0	0	0	0	0	0	0	0	0
row308	0	0	0	0	0	0	0	0	0
row309	0	0	0	0	0	0	0	0	0
row310	0	0	0	0	0	0	0	0	0
row311	0	0	0	0	0	0	0	0	0
row312	0	0	0	0	0	0	0	0	0
row313	0	0	0	0	0	0	0	0	0
row314	0	0	0	0	0	0	0	0	0
row315	0	0	0	0	0	0	0	0	0
row316	0	0	0	0	0	0	0	0	0
row317	0	0	0	0	0	0	0	0	0
row318	0	0	0	0	0	0	0	0	0
row319	0	0	0	0	0	0	0	0	0
row320	0	0	0	0	0	0	0	0	0
row321	0	0	0	0	0	0	0	0	0
row322	0	0	0	0	0	0	0	0	0
row323	0	0	0	0	0	0	0	0	0
row324	0	0	0	0	0	0	0	0	0
row325	0	0	0	0	0	0	0	0	0
row326	0	0	0	0	0	0	0	0	0
row327	0	0	0	0	0	0	0	0	0
row328	0	0	0	0	0	0	0	0	0
row329	0	0	0	0	0	0	0	0	0
row330	0	0	0	0	0	0	0	0	0
row331	0	0	0	0	0	0	0	0	0
row332	0	0	0	0	0	0	0	0	0
row333	0	0	0	0	0	0	0	0	0
row334	0	0	0	0	0	0	0	0	0
row335	0	0	0	0	0	0	0	0	0
row336	0	0	0	0	0	0	0	0	0
row337	0	0	0	0	0	0	0	0	0
row338	0	0	0	0	0	0	0	0	0
row339	0	0	0	0	0	0	0	0	0
row340	0	0	0	0	0	0	0	0	0
row341	0	0	0	0	0	0	0	0	0
row342	0	0	0	0	0	0	0	0	0
row343	0	0	0	0	0	0	0	0	0
row344	0	0	0	0	0	0	0	0	0
row345	0	0	0	0	0	0	0	0	0
row346	0	0	0	0	0	0	0	0	0
row347	0	0	0	0	0	0	0	0	0
row348	0	0	0	0	0	0	0	0	0
row349	0	0	0	0	0	0	0	0	0
row350	0	0	0	0	0	0	0	0	0
row351	0	0	0	0	0	0	0	0	0
row352	0	0	0	0	0	0	0	0	0
row353	0	0	0	0	0	0	0	0	0
row354	0	0	0	0	0	0	0	0	0
row355	0	0	0	0	0	0	0	0	0
row356	0	0	0	0	0	0	0	0	0
row357	0	0	0	0	0	0	0	0	0
row358	0	0	0	0	0	0	0	0	0
row359	0	0	0	0	0	0	0	0	0
row360	0	0	0	0	0	0	0	0	0
row361	0	0	0	0	0	0	0	0	0
row362	0	0	0	0	0	0	0	0	0
row363	0	0	0	0	0	0	0	0	0
row364	0	0	0	0	0	0	0	0	0
row365	0	0	0	0	0	0	0	0	0
row366	0	0	0	0	0	0	0	0	0
row367	0	0	0	0	0	0	0	0	0
row368	0	0	0	0	0	0	0	0	0
row369	0	0	0	0	0	0	0	0	0
row370	0	0	0	0	0	0	0	0	0
row371	0	0	0	0	0	0	0	0	0
row372	0	0	0	0	0	0	0	0	0
row373	0	0	0	0	0	0	0	0	0
row374	0	0	0	0	0	0	0	0	0
row375	0	0	0	0	0	0	0	0	0
row376	0	0	0	0	0	0	0	0	0
row377	0	0	0	0	0	0	0	0	0
row378	0	0	0	0	0	0	0	0	0
row379	0	0	0	0	0	0	0	0	0
row380	0	0	0	0	0	0	0	0	0
row381	0	0	0	0	0	0	0	0	0
row382	0	0	0	0	0	0	0	0	0
row383	0	0	0	0	0	0	0	0	0
row384	0	0	0	0	0	0	0	0	0
row385	0	0	0	0	0	0	0	0	0
row386	0	0	0	0	0	0	0	0	0
row387	0	0	0	0	0	0	0	0	0
row388	0	0	0	0	0	0	0	0	0
row389	0	0	0	0	0	0	0	0	0
row390	0	0	0	0	0	0	0	0	0
row391	0	0	0	0	0	0	0	0	0
row392	0	0	0	0	0	0	0	0	0
row393	0	0	0	0	0	0	0	0	0
row394	0	0	0	0	0	0	0	0	0
row395	0	0	0	0	0	0	0	0	0
row396	0	0	0	0	0	0	0	0	0
row397	0	0	0	0	0	0	0	0	0
row398	0	0	0	0	0	0	0	0	0
row399	0	0	0	0	0	0	0	0	0
row400	0	0	0	0	0	0	0	0	0
row401	0	0	0	0	0	0	0	0	0
row402	0	0	0	0	0	0	0	0	0
row403	0	0	0	0	0	0	0	0	0
row404	0	0	0	0	0	0	0	0	0
row405	0	0	0	0	0	0	0	0	0
row406	0	0	0	0	0	0	0	0	0
row407	0	0	0	0	0	0	0	0	0
row408	0	0	0	0	0	0	0	0	0
row409	0	0	0	0	0	0	0	0	0
row410	0	0	0	0	0	0	0	0	0
row411	0	0	0	0	0	0	0	0	0
row412	0	0	0	0	0	0	0	0	0
row413	0	0	0	0	0	0	0	0	0
row414	0	0	0	0	0	0	0	0	0
row415	0	0	0	0	0	0	0	0	0
row416	0	0	0	0	0	0	0	0	0
row417	0	0	0	0	0	0	0	0	0
row418	0	0	0	0	0	0	0	0	0
row419	0	0	0	0	0	0	0	0	0
row420	0	0	0	0	0	0	0	0	0
row421	0	0	0	0	0	0	0	0	0
row422	0	0	0	0	0	0	0	0	0
row423	0	0	0	0	0	0	0	0	0
row424	0	0	0	0	0	0	0	0	0
row425	0	0	0	0	0	0	0	0	0
row426	0	0	0	0	0	0	0	0	0
row427	0	0	0	0	0	0	0	0	0
row428	0	0	0	0	0	0	0	0	0
row429	0	0	0	0	0	0	0	0	0
row430	0	0	0	0	0	0	0	0	0
row431	0	0	0	0	0	0	0	0	0
row432	0	0	0	0	0	0	0	0	0
row433	0	0	0	0	0	0	0	0	0
row434	0	0	0	0	0	0	0	0	0
row435	0	0	0	0	0	0	0	0	0
row436	0	0	0	0	0	0	0	0	0
row437	0	0	0	0	0	0	0	0	0
row438	0	0	0	0	0	0	0	0	0
row439	0	0	0	0	0	0	0	0	0
row440	0	0	0	0	0	0	0	0	0
row441	0	0	0	0	0	0	0	0	0
row442	0	0	0	0	0	0	0	0	0
row443	0	0	0	0	0	0	0	0	0
row444	0	0	0	0	0	0	0	0	0
row445	0	0	0	0	0	0	0	0	0
row446	0	0	0	0	0	0	0	0	0
row447	0	0	0	0	0	0	0	0	0
row448	0	0	0	0	0	0	0	0	0
row449	0	0	0	0	0	0	0	0	0
row450	0	0	0	0	0	0	0	0	0
row451	0	0	0	0	0	0	0	0	0
row452	0	0	0	0	0	0	0	0	0
row453	0	0	0	0	0	0	0	0	0
row454	0	0	0	0	0	0	0	0	0
row455	0	0	0	0	0	0	0	0	0
row456	0	0	0	0	0	0	0	0	0
row457	0	0	0	0	0	0	0	0	0
row458	0	0	0	0	0	0	0	0	0
row459	0	0	0	0	0	0	0	0	0
row460	0	0	0	0	0	0	0	0	0
row461	0	0	0	0	0	0	0	0	0
row462	0	0	0	0	0	0	0	0	0
row463	0	0	0	0	0	0	0	0	0
row464	0	0	0	0	0	0	0	0	0
row465	0	0	0	0	0	0	0	0	0
row466	0	0	0	0	0	0	0	0	0
row467	0	0	0	0	0	0	0	0	0
row468	0	0	0	0	0	0	0	0	0
row469	0	0	0	0	0	0	0	0	0
row470	0	0	0	0	0	0	0	0	0
row471	0	0	0	0	0	0	0	0	0
row472	0	0	0	0	0	0	0	0	0
row473	0	0	0	0	0	0	0	0	0
row474	0	0	0	0	0	0	0	0	0
row475	0	0	0	0	0	0	0	0	0
row476	0	0	0	0	0	0	0	0	0
row477	0	0	0	0	0	0	0	0	0
row478	0	0	0	0	0	0	0	0	0
row479	0	0	0	0	0	0	0	0	0
row480	0	0	0	0	0	0	0	0	0
row481	0	0	0	0	0	0	0	0	0
row482	0	0	0	0	0	0	0	0	0
row483	0	0	0	0	0	0	0	0	0
row484	0	0	0	0	0	0	0	0	0
row485	0	0	0	0	0	0	0	0	0
row486	0	0	0	0	0	0	0	0	0
row487	0	0	0	0	0	0	0	0	0
row488	0	0	0	0	0	0	0	0	0
row489	0	0	0	0	0	0	0	0	0
row490	0	0	0	0	0	0	0	0	0
row491	0	0	0	0	0	0	0	0	0
row492	0	0	0	0	0	0	0	0	0
row493	0	0	0	0	0	0	0	0	0
row494	0	0	0	0	0	0	0	0	0
row495	0	0	0	0	0	0	0	0	0
row496	0	0	0	0	0	0	0	0	0
row497	0	0	0	0	0	0	0	0	0
row498	0	0	0	0	0	0	0	0	0
row499	0	0	0	0	0	0	0	0	0
row500	0	0	0	0	0	0	0	0	0
row501	0	0	0	0	0	0	0	0	0
row502	0	0	0	0	0	0	0	0	0
row503	0	0	0	0	0	0	0	0	0
row504	0	0	0	0	0	0	0	0	0
row505	0	0	0	0	0	0	0	0	0
row506	0	0	0	0	0	0	0	0	0
row507	0	0	0	0	0	0	0	0	0
row508	0	0	0	0	0	0	0	0	0
row509	0	0	0	0	0	0	0	0	0
row510	0	0	0	0	0	0	0	0	0
row511	0	0	0	0	0	0	0	0	0
row512	0	0	0	0	0	0	0	0	0
row513	0	0	0	0	0	0	0	0	0
row514	0	0	0	0	0	0	0	0	0
row515	0	0	0	0	0	0	0	0	0
row516	0	0	0	0	0	0	0	0	0
row517	0	0	0	0	0	0	0	0	0
row518	0	0	0	0	0	0	0	0	0
row519	0	0	0	0	0	0	0	0	0
row520	0	0	0	0	0	0	0	0	0
row521	0	0	0	0	0	0	0	0	0
row522	0	0	0	0	0	0	0	0	0
row523	0	0	0	0	0	0	0	0	0
row524	0	0	0	0	0	0	0	0	0
row525	0	0	0	0	0	0	0	0	0
row526	0	0	0	0	0	0	0	0	0
row527	0	0	0	0	0	0	0	0	0
row528	0	0	0	0	0	0	0	0	0
row529	0	0	0	0	0	0	0	0	0
row530	0	0	0	0	0	0	0	0	0
row531	0	0	0	0	0	0	0	0	0
row532	0	0	0	0	0	0	0	0	0
row533	0	0	0	0	0	0	0	0	0
row534	0	0	0	0	0	0	0	0	0
row535	0	0	0	0	0	0	0	0	0
row536	0	0	0	0	0	0	0	0	0
row537	0	0	0	0	0	0	0	0	0
row538	0	0	0	0	0	0	0	0	0
row539	0	0	0	0	0	0	0	0	0
row540	0	0	0	0	0	0	0	0	0
row541	0	0	0	0	0	0	0	0	0
row542	0	0	0	0	0	0	0	0	0
row543	0	0	0	0	0	0	0	0	0
row544	0	0	0	0	0	0	0	0	0
row545	0	0	0	0	0	0	0	0	0
row546	0	0	0	0	0	0	0	0	0
row547	0	0	0	0	0	0	0	0	0
row548	0	0	0	0	0	0	0	0	0
row549	0	0	0	0	0	0	0	0	0
row550	0	0	0	0	0	0	0	0	0
row551	0	0	0	0	0	0	0	0	0
row552	0	0	0	0	0	0	0	0	0
row553	0	0	0	0	0	0	0	0	0
row554	0	0	0	0	0	0	0	0	0
row555	0	0	0	0	0	0	0	0	0
row556	0	0	0	0	0	0	0	0	0
row557	0	0	0	0	0	0	0	0	0
row558	0	0	0	0	0	0	0	0	0
row559	0	0	0	0	0	0	0	0	0
row560	0	0	0	0	0	0	0	0	0
row561	0	0	0	0	0	0	0	0	0
row562	0	0	0	0	0	0	0	0	0
row563	0	0	0	0	0	0	0	0	0
row564	0	0	0	0	0	0	0	0	0
row565	0	0	0	0	0	0	0	0	0
row566	0	0	0	0	0	0	0	0	0
row567	0	0	0	0	0	0	0	0	0
row568	0	0	0	0	0	0	0	0	0
row569	0	0	0	0	0	0	0	0	0
row570	0	0	0	0	0	0	0	0	0
row571	0	0	0	0	0	0	0	0	0
row572	0	0	0	0	0	0	0	0	0
row573	0	0	0	0	0	0	0	0	0
row574	0	0	0	0	0	0	0	0	0
row575	0	0	0	0	0	0	0	0	0
row576	0	0	0	0	0	0	0	0	0
row577	0	0	0	0	0	0	0	0	0
row578	0	0	0	0	0	0	0	0	0
row579	0	0	0	0	0	0	0	0	0
row580	0	0	0	0	0	0	0	0	0
row581	0	0	0	0	0	0	0	0	0
row582	0	0	0	0	0	0	0	0	0
row583	0	0	0	0	0	0	0	0	0
row584	0	0	0	0	0	0	0	0	0
row585	0	0	0	0	0	0	0	0	0
row586	0	0	0	0	0	0	0	0	0
row587	0	0	0	0	0	0	0	0	0
row588	0	0	0	0	0	0	0	0	0
row589	0	0	0	0	0	0	0	0	0
row590	0	0	0	0	0	0	0	0	0
row591	0	0	0	0	0	0	0	0	0
row592	0	0	0	0	0	0	0	0	0
row593	0	0	0	0	0	0	0	0	0
row594	0	0	0	0	0	0	0	0	0
row595	0	0	0	0	0	0	0	0	0
row596	0	0	0	0	0	0	0	0	0
row597	0	0	0	0	0	0	0	0	0
row598	0	0	0	0	0	0	0	0	0
row599	0	0	0	0	0	0	0	0	0
row600	0	0	0	0	0	0	0	0	0
row601	0	0	0	0	0	0	0	0	0
row602	0	0	0	0	0	0	0	0	0
row603	0	0	0	0	0	0	0	0	0
row604	0	0	0	0	0	0	0	0	0
row605	0	0	0	0	0	0	0	0	0
row606	0	0	0	0	0	0	0	0	0
row607	0	0	0	0	0	0	0	0	0
row608	0	0	0	0	0	0	0	0	0
row609	0	0	0	0	0	0	0	0	0
row610	0	0	0	0	0	0	0	0	0
row611	0	0	0	0	0	0	0	0	0
row612	0	0	0	0	0	0	0	0	0
row613	0	0	0	0	0	0	0	0	0
row614	0	0	0	0	0	0	0	0	0
row615	0	0	0	0	0	0	0	0	0
row616	0	0	0	0	0	0	0	0	0
row617	0	0	0	0	0	0	0	0	0
row618	0	0	0	0	0	0	0	0	0
row619	0	0	0	0	0	0	0	0	0
row620	0	0	0	0	0	0	0	0	0
row621	0	0	0	0	0	0	0	0	0
row622	0	0	0	0	0	0	0	0	0
row623	0	0	0	0	0	0	0	0	0
row624	0	0	0	0	0	0	0	0	0
row625	0	0	0	0	0	0	0	0	0
row626	0	0	0	0	0	0	0	0	0
row627	0	0	0	0	0	0	0	0	0
row628	0	0	0	0	0	0	0	0	0
row629	0	0	0	0	0	0	0	0	0
row630	0	0	0	0	0	0	0	0	0
row631	0	0	0	0	0	0	0	0	0
row632	0	0	0	0	0	0	0	0	0
row633	0	0	0	0	0	0	0	0	0
row634	0	0	0	0	0	0	0	0	0
row635	0	0	0	0	0	0	0	0	0
row636	0	0	0	0	0	0	0	0	0
row637	0	0	0	0	0	0	0	0	0
row638	0	0	0	0	0	0	0	0	0
row639	0	0	0	0	0	0	0	0	0
row640	0	0	0	0	0	0	0	0	0
row641	0	0	0	0	0	0	0	0	0
row642	0	0	0	0	0	0	0	0	0
row643	0	0	0	0	0	0	0	0	0
row644	0	0	0	0	0	0	0	0	0
row645	0	0	0	0	0	0	0	0	0
row646	0	0	0	0	0	0	0	0	0
row647	0	0	0	0	0	0	0	0	0
row648	0	0	0	0	0	0	0	0	0
row649	0	0	0	0	0	0	0	0	0
row650	0	0	0	0	0	0	0	0	0
row651	0	0	0	0	0	0	0	0	0
row652	0	0	0	0	0	0	0	0	0
row653	0	0	0	0	0	0	0	0	0
row654	0	0	0	0	0	0	0	0	0
row655	0	0	0	0	0	0	0	0	0
row656	0	0	0	0	0	0	0	0	0
row657	0	0	0	0	0	0	0	0	0
row658	0	0	0	0	0	0	0	0	0
row659	0	0	0	0	0	0	0	0	0
row660	0	0	0	0	0	0	0	0	0
row661	0	0	0	0	0	0	0	0	0
row662	0	0	0	0	0	0	0	0	0
row663	0	0	0	0	0	0	0	0	0
row664	0	0	0	0	0	0	0	0	0
row665	0	0	0	0	0	0	0	0	0
row666	0	0	0	0	0	0	0	0	0
row667	0	0	0	0	0	0	0	0	0
row668	0	0	0	0	0	0	0	0	0
row669	0	0	0	0	0	0	0	0	0
row670	0	0	0	0	0	0	0	0	0
row671	0	0	0	0	0	0	0	0	0
row672	0	0	0	0	0	0	0	0	0
row673	0	0	0	0	0	0	0	0	0
row674	0	0	0	0	0	0	0	0	0
row675	0	0	0	0	0	0	0	0	0
row676	0	0	0	0	0	0	0	0	0
row677	0	0	0	0	0	0	0	0	0
row678	0	0	0	0	0	0	0	0	0
row679	0	0	0	0	0	0	0	0	0
row680	0	0	0	0	0	0	0	0	0
row681	0	0	0	0	0	0	0	0	0
row682	0	0	0	0	0	0	0	0	0
row683	0	0	0	0	0	0	0	0	0
row684	0	0	0	0	0	0	0	0	0
row685	0	0	0	0	0	0	0	0	0
row686	0	0	0	0	0	0	0	0	0
row687	0	0	0	0	0	0	0	0	0
row688	0	0	0	0	0	0	0	0	0
row689	0	0	0	0	0	0	0	0	0
row690	0	0	0	0	0	0	0	0	0
row691	0	0	0	0	0	0	0	0	0
row692	0	0	0	0	0	0	0	0	0
row693	0	0	0	0	0	0	0	0	0
row694	0	0	0	0	0	0	0	0	0
row695	0	0	0	0	0	0	0	0	0
row696	0	0	0	0	0	0	0	0	0
row697	0	0	0	0	0	0	0	0	0
row698	0	0	0	0	0	0	0	0	0
row699	0	0	0	0	0	0	0	0	0
row700	0	0	0	0	0	0	0	0	0
row701	0	0	0	0	0	0	0	0	0
row702	0	0	0	0	0	0	0	0	0
row703	0	0	0	0	0	0	0	0	0
row704	0	0	0	0	0	0	0	0	0
row705	0	0	0	0	0	0	0	0	0
row706	0	0	0	0	0	0	0	0	0
row707	0	0	0	0	0	0	0	0	0
row708	0	0	0	0	0	0	0	0	0
row709	0	0	0	0	0	0	0	0	0
row710	0	0	0	0	0	0	0	0	0
row711	0	0	0	0	0	0	0	0	0
row712	0	0	0	0	0	0	0	0	0
row713	0	0	0	0	0	0	0	0	0
row714	0	0	0	0	0	0	0	0	0
row715	0	0	0	0	0	0	0	0	0
row716	0	0	0	0	0	0	0	0	0
row717	0	0	0	0	0	0	0	0	0
row718	0	0	0	0	0	0	0	0	0
row719	0	0	0	0	0	0	0	0	0
row720	0	0	0	0	0	0	0	0	0
row721	0	0	0	0	0	0	0	0	0
row722	0	0	0	0	0	0	0	0	0
row723	0	0	0	0	0	0	0	0	0
row724	0	0	0	0	0	0	0	0	0
row725	0	0	0	0	0	0	0	0	0
row726	0	0	0	0	0	0	0	0	0
row727	0	0	0	0	0	0	0	0	0
row728	0	0	0	0	0	0	0	0	0
row729	0	0	0	0	0	0	0	0	0
row730	0	0	0	0	0	0	0	0	0
row731	0	0	0	0	0	0	0	0	0
row732	0	0	0	0	0	0	0	0	0
row733	0	0	0	0	0	0	0	0	0
row734	0	0	0	0	0	0	0	0	0
row735	0	0	0	0	0	0	0	0	0
row736	0	0	0	0	0	0	0	0	0
row737	0	0	0	0	0	0	0	0	0
row738	0	0	0	0	0	0	0	0	0
row739	0	0	0	0	0	0	0	0	0
row740	0	0	0	0	0	0	0	0	0
row741	0	0	0	0	0	0	0	0	0
row742	0	0	0	0	0	0	0	0	0
row743	0	0	0	0	0	0	0	0	0
row744	0	0	0	0	0	0	0	0	0
row745	0	0	0	0	0	0	0	0	0
row746	0	0	0	0	0	0	0	0	0
row747	0	0	0	0	0	0	0	0	0
row748	0	0	0	0	0	0	0	0	0
row749	0	0	0	0	0	0	0	0	0
row750	0	0	0	0	0	0	0	0	0
row751	0	0	0	0	0	0	0	0	0
row752	0	0	0	0	0	0	0	0	0
row753	0	0	0	0	0	0	0	0	0
row754	0	0	0	0	0	0	0	0	0
row755	0	0	0	0	0	0	0	0	0
row756	0	0	0	0	0	0	0	0	0
row757	0	0	0	0	0	0	0	0	0
row758	0	0	0	0	0	0	0	0	0
row759	0	0	0	0	0	0	0	0	0
row760	0	0	0	0	0	0	0	0	0
row761	0	0	0	0	0	0	0	0	0
row762	0	0	0	0	0	0	0	0	0
row763	0	0	0	0	0	0	0	0	0
row764	0	0	0	0	0	0	0	0	0
row765	0	0	0	0	0	0	0	0	0
row766	0	0	0	0	0	0	0	0	0
row767	0	0	0	0	0	0	0	0	0
row768	0	0	0	0	0	0	0	0	0
row769	0	0	0	0	0	0	0	0	0
row770	0	0	0	0	0	0	0	0	0
row771	0	0	0	0	0	0	0	0	0
row772	0	0	0	0	0	0	0	0	0
row773	0	0	0	0	0	0	0	0	0
row774	0	0	0	0	0	0	0	0	0
row775	0	0	0	0	0	0	0	0	0
row776	0	0	0	0	0	0	0	0	0
row777	0	0	0	0	0	0	0	0	0
row778	0	0	0	0	0	0	0	0	0
row779	0	0	0	0	0	0	0	0	0
row780	0	0	0	0	0	0	0	0	0
row781	0	0	0	0	0	0	0	0	0
row782	0	0	0	0	0	0	0	0	0
row783	0	0	0	0	0	0	0	0	0
row784	0	0	0	0	0	0	0	0	0
row785	0	0	0	0	0	0	0	0	0
row786	0	0	0	0	0	0	0	0	0
row787	0	0	0	0	0	0	0	0	0
row788	0	0	0	0	0	0	0	0	0
row789	0	0	0	0	0	0	0	0	0
row790	0	0	0	0	0	0	0	0	0
row791	0	0	0	0	0	0	0	0	0
row792	0	0	0	0	0	0	0	0	0
row793	0	0	0	0	0	0	0	0	0
row794	0	0	0	0	0	0	0	0	0
row795	0	0	0	0	0	0	0	0	0
row796	0	0	0	0	0	0	0	0	0
row797	0	0	0	0	0	0	0	0	0
row798	0	0	0	0	0	0	0	0	0
row799	0	0	0	0	0	0	0	0	0
row800	0	0	0	0	0	0	0	0	0
row801	0	0	0	0	0	0	0	0	0
row802	0	0	0	0	0	0	0	0	0
row803	0	0	0	0	0	0	0	0	0
row804	0	0	0	0	0	0	0	0	0
row805	0	0	0	0	0	0	0	0	0
row806	0	0	0	0	0	0	0	0	0
row807	0	0	0	0	0	0	0	0	0
row808	0	0	0	0	0	0	0	0	0
row809	0	0	0	0	0	0	0	0	0
row810	0	0	0	0	0	0	0	0	0
row811	0	0	0	0	0	0	0	0	0
row812	0	0	0	0	0	0	0	0	0
row813	0	0	0	0	0	0	0	0	0
row814	0	0	0	0	0	0	0	0	0
row815	0	0	0	0	0	0	0	0	0
row816	0	0	0	0	0	0	0	0	0
row817	0	0	0	0	0	0	0	0	0
row818	0	0	0	0	0	0	0	0	0
row819	0	0	0	0	0	0	0	0	0
row820	0	0	0	0	0	0	0	0	0
row821	0	0	0	0	0	0	0	0	0
row822	0	0	0	0	0	0	0	0	0
row823	0	0	0	0	0	0	0	0	0
row824	0	0	0	0	0	0	0	0	0
row825	0	0	0	0	0	0	0	0	0
row826	0	0	0	0	0	0	0	0	0
row827	0	0	0	0	0	0	0	0	0
row828	0	0	0	0	0	0	0	0	0
row829	0	0	0	0	0	0	0	0	0
row830	0	0	0	0	0	0	0	0	0
row831	0	0	0	0	0	0	0	0	0
row832	0	0	0	0	0	0	0	0	0
row833	0	0	0	0	0	0	0	0	0
row834	0	0	0	0	0	0	0	0	0
row835	0	0	0	0	0	0	0	0	0
row836	0	0	0	0	0	0	0	0	0
row837	0	0	0	0	0	0	0	0	0
row838	0	0	0	0	0	0	0	0	0
row839	0	0	0	0	0	0	0	0	0
row840	0	0	0	0	0	0	0	0	0
row841	0	0	0	0	0	0	0	0	0
row842	0	0	0	0	0	0	0	0	0
row843	0	0	0	0	0	0	0	0	0
row844	0	0	0	0	0	0	0	0	0
row845	0	0	0	0	0	0	0	0	0
row846	0	0	0	0	0	0	0	0	0
row847	0	0	0	0	0	0	0	0	0
row848	0	0	0	0	0	0	0	0	0
row849	0	0	0	0	0	0	0	0	0
row850	0	0	0	0	0	0	0	0	0
row851	0	0	0	0	0	0	0	0	0
row852	0	0	0	0	0	0	0	0	0
row853	0	0	0	0	0	0	0	0	0
row854	0	0	0	0	0	0	0	0	0
row855	0	0	0	0	0	0	0	0	0
row856	0	0	0	0	0	0	0	0	0
row857	0	0	0	0	0	0	0	0	0
row858	0	0	0	0	0	0	0	0	0
row859	0	0	0	0	0	0	0	0	0
row860	0	0	0	0	0	0	0	0	0
row861	0	0	0	0	0	0	0	0	0
row862	0	0	0	0	0	0	0	0	0
row863	0	0	0	0	0	0	0	0	0
row864	0	0	0	0	0	0	0	0	0
row865	0	0	0	0	0	0	0	0	0
row866	0	0	0	0	0	0	0	0	0
row867	0	0	0	0	0	0	0	0	0
row868	0	0	0	0	0	0	0	0	0
row869	0	0	0	0	0	0	0	0	0
row870	0	0	0	0	0	0	0	0	0
row871	0	0	0	0	0	0	0	0	0
row872	0	0	0	0	0	0	0	0	0
row873	0	0	0	0	0	0	0	0	0
row874	0	0	0	0	0	0	0	0	0
row875	0	0	0	0	0	0	0	0	0
row876	0	0	0	0	0	0	0	0	0
row877	0	0	0	0	0	0	0	0	0
row878	0	0	0	0	0	0	0	0	0
row879	0	0	0	0	0	0	0	0	0
row880	0	0	0	0	0	0	0	0	0
row881	0	0	0	0	0	0	0	0	0
row882	0	0	0	0	0	0	0	0	0
row883	0	0	0	0	0	0	0	0	0
row884	0	0	0	0	0	0	0	0	0
row885	0	0	0	0	0	0	0	0	0
row886	0	0	0	0	0	0	0	0	0
row887	0	0	0	0	0	0	0	0	0
row888	0	0	0	0	0	0	0	0	0
row889	0	0	0	0	0	0	0	0	0
row890	0	0	0	0	0	0	0	0	0
row891	0	0	0	0	0	0	0	0	0
row892	0	0	0	0	0	0	0	0	0
row893	0	0	0	0	0	0	0	0	0
row894	0	0	0	0	0	0	0	0	0
row895	0	0	0	0	0	0	0	0	0
row896	0	0	0	0	0	0	0	0	0
row897	0	0	0	0	0	0	0	0	0
row898	0	0	0	0	0	0	0	0	0
row899	0	0	0	0	0	0	0	0	0
row900	0	0	0	0	0	0	0	0	0
row901	0	0	0	0	0	0	0	0	0
row902	0	0	0	0	0	0	0	0	0
row903	0	0	0	0	0	0	0	0	0
row904	0	0	0	0	0	0	0	0	0
row905	0	0	0	0	0	0	0	0	0
row906	0	0	0	0	0	0	0	0	0
row907	0	0	0	0	0	0	0	0	0
row908	0	0	0	0	0	0	0	0	0
row909	0	0	0	0	0	0	0	0	0
row910	0	0	0	0	0	0	0	0	0
row911	0	0	0	0	0	0	0	0	0
row912	0	0	0	0	0	0	0	0	0
row913	0	0	0	0	0	0	0	0	0
row914	0	0	0	0	0	0	0	0	0
row915	0	0	0	0	0	0	0	0	0
row916	0	0	0	0	0	0	0	0	0
row917	0	0	0	0	0	0	0	0	0
row918	0	0	0	0	0	0	0	0	0
row919	0	0	0	0	0	0	0	0	0
row920	0	0	0	0	0	0	0	0	0
row921	0	0	0	0	0	0	0	0	0
row922	0	0	0	0	0	0	0	0	0
row923	0	0	0	0	0	0	0	0	0
row924	0	0	0	0	0	0	0	0	0
row925	0	0	0	0	0	0	0	0	0
row926	0	0	0	0	0	0	0	0	0
row927	0	0	0	0	0	0	0	0	0
row928	0	0	0	0	0	0	0	0	0
row929	0	0	0	0	0	0	0	0	0
row930	0	0	0	0	0	0	0	0	0
row931	0	0	0	0	0	0	0	0	0
row932	0	0	0	0	0	0	0	0	0
row933	0	0	0	0	0	0	0	0	0
row934	0	0	0	0	0	0	0	0	0
row935	0	0	0	0	0	0	0	0	0
row936	0	0	0	0	0	0	0	0	0
row937	0	0	0	0	0	0	0	0	0
row938	0	0	0	0	0	0	0	0	0
row939	0	0	0	0	0	0	0	0	0
row940	0	0	0	0	0	0	0	0	0
row941	0	0	0	0	0	0	0	0	0
row942	0	0	0	0	0	0	0	0	0
row943	0	0	0	0	0	0	0	0	0
row944	0	0	0	0	0	0	0	0	0
row945	0	0	0	0	0	0	0	0	0
row946	0	0	0	0	0	0	0	0	0
row947	0	0	0	0	0	0	0	0	0
row948	0	0	0	0	0	0	0	0	0
row949	0	0	0	0	0	0	0	0	0
row950	0	0	0	0	0	0	0	0	0
row951	0	0	0	0	0	0	0	0	0
row952	0	0	0	0	0	0	0	0	0
row953	0	0	0	0	0	0	0	0	0
row954	0	0	0	0	0	0	0	0	0
row955	0	0	0	0	0	0	0	0	0
row956	0	0	0	0	0	0	0	0	0
row957	0	0	0	0	0	0	0	0	0
row958	0	0	0	0	0	0	0	0	0
row959	0	0	0	0	0	0	0	0	0
row960	0	0	0	0	0	0	0	0	0
row961	0	0	0	0	0	0	0	0	0
row962	0	0	0	0	0	0	0	0	0
row963	0	0	0	0	0	0	0	0	0
row964	0	0	0	0	0	0	0	0	0
row965	0	0	0	0	0	0	0	0	0
row966	0	0	0	0	0	0	0	0	0
row967	0	0	0	0	0	0	0	0	0
row968	0	0	0	0	0	0	0	0	0
row969	0	0	0	0	0	0	0	0	0
row970	0	0	0	0	0	0	0	0	0
row971	0	0	0	0	0	0	0	0	0
row972	0	0	0	0	0	0	0	0	0
row973	0	0	0	0	0	0	0	0	0
row974	0	0	0	0	0	0	0	0	0
row975	0	0	0	0	0	0	0	0	0
row976	0	0	0	0	0	0	0	0	0
row977	0	0	0	0	0	0	0	0	0
row978	0	0	0	0	0	0	0	0	0
row979	0	0	0	0	0	0	0	0	0
row980	0	0	0	0	0	0	0	0	0
row981	0	0	0	0	0	0	0	0	0
row982	0	0	0	0	0	0	0	0	0
row983	0	0	0	0	0	0	0	0	0
row984	0	0	0	0	0	0	0	0	0
row985	0	0	0	0	0	0	0	0	0
row986	0	0	0	0	0	0	0	0	0
row987	0	0	0	0	0	0	0	0	0
row988	0	0	0	0	0	0	0	0	0
row989	0	0	0	0	0	0	0	0	0
row990	0	0	0	0	0	0	0	0	0
row991	0	0	0	0	0	0	0	0	0
row992	0	0	0	0	0	0	0	0	0
row993	0	0	0	0	0	0	0	0	0
row994	0	0	0	0	0	0	0	0	0
row995	0	0	0	0	0	0	0	0	0
row996	0	0	0	0	0	0	0	0	0
row997	0	0	0	0	0	0	0	0	0
row998	0	0	0	0	0	0	0	0	0
row999	0	0	0	0	0	0	0	0	0
row1000	0	0	0	0	0	0	0	0	0
