A->A,A	C->C,C	F->F,F	H->H,H	P->P,P	T->T,T	W->W,W	Z->Z,Z
1	10	35	0	0	0	0	18	0
2	7	35	0	0	0	0	25	0
3	5	35	0	0	0	0	25	0
4	6	34	0	0	0	0	23	0
5	4	35	0	0	0	0	26	0
6	5	35	0	0	0	0	25	0
7	3	35	0	0	0	0	23	0
8	5	34	0	0	0	0	24	0
9	7	35	0	0	0	0	21	0
10	5	32	0	0	0	0	23	0
11	9	34	0	0	0	0	16	0
12	7	35	0	0	0	0	25	0
13	6	35	0	0	0	0	24	0
14	13	35	0	0	0	0	20	0
15	10	35	0	0	0	0	21	0
16	9	35	0	0	0	0	22	0
17	7	35	0	0	0	0	21	0
18	4	34	0	0	0	0	25	0
19	4	35	0	1	0	0	22	0
20	9	34	0	0	0	0	21	0
21	2	35	0	0	0	0	27	0
22	5	35	0	0	0	0	23	0
23	4	35	0	0	0	0	27	0
24	4	35	0	0	0	0	27	0
25	5	35	0	0	0	0	26	0
26	6	34	0	0	0	0	22	0
27	2	34	0	0	0	0	25	0
28	7	34	0	0	0	0	20	0
29	4	35	0	0	0	0	25	0
30	4	34	0	0	0	0	28	0
31	4	35	0	0	0	0	30	0
32	11	34	0	0	0	0	22	0
33	7	35	0	0	0	0	20	0
34	9	35	0	0	0	0	18	0
35	11	34	0	0	0	0	21	0
36	2	34	0	0	0	0	26	0
37	3	35	0	0	0	0	27	0
38	10	35	0	0	0	0	19	0
39	8	35	0	0	0	0	26	0
40	5	34	0	0	0	0	21	0
41	6	35	0	0	0	0	28	0
42	7	35	0	0	0	0	22	0
43	7	35	0	0	0	0	22	0
44	6	35	0	0	0	0	21	0
45	5	34	0	0	0	0	24	0
46	5	35	0	0	0	0	24	0
47	6	33	0	0	0	0	20	0
48	5	33	0	0	0	0	25	0
49	7	33	0	0	0	0	23	0
50	8	35	0	0	0	1	21	0
51	5	35	0	0	0	0	29	0
52	6	34	0	0	0	0	23	0
53	6	35	0	0	0	0	24	0
54	8	34	0	0	0	0	20	0
55	3	34	0	0	0	0	24	0
56	3	34	0	0	0	0	27	0
57	3	35	0	0	0	0	29	0
58	5	34	0	0	0	0	22	0
59	8	34	0	0	0	0	22	0
60	9	35	0	0	0	0	25	0
61	4	35	0	0	0	0	28	0
62	9	35	0	0	0	0	20	0
63	4	35	0	0	0	0	27	0
64	10	34	0	0	0	0	21	0
65	11	35	0	0	0	0	17	0
66	5	35	0	0	0	0	26	1
67	3	35	0	0	0	0	28	0
68	8	35	0	0	0	0	22	1
69	6	34	0	0	0	0	23	0
70	6	35	0	0	0	0	21	0
71	7	35	0	0	0	0	22	0
72	3	34	0	0	0	0	26	0
73	4	34	0	0	0	0	28	0
74	5	35	0	0	0	0	17	0
75	6	35	0	0	1	0	22	0
76	5	32	0	0	0	0	18	0
77	10	34	0	0	0	0	21	0
78	5	35	0	0	0	0	21	0
79	8	35	0	0	0	0	26	0
80	6	36	0	0	0	0	22	0
81	7	34	0	0	0	0	25	0
82	4	35	0	0	0	0	26	0
83	7	35	0	0	0	0	22	0
84	6	34	0	0	0	0	27	0
85	14	34	0	0	0	0	20	0
86	11	34	0	0	0	0	24	0
87	7	34	0	0	0	0	26	0
88	3	34	0	0	0	0	28	0
89	7	35	0	0	0	0	23	0
90	4	34	0	0	0	0	26	0
91	7	34	0	0	0	0	20	0
92	11	35	0	0	0	0	19	0
93	6	33	0	0	0	0	24	0
94	5	35	0	0	0	0	24	0
95	6	34	0	0	0	0	23	0
96	7	34	0	0	0	0	22	0
97	3	35	0	0	0	0	28	0
98	5	35	0	0	0	0	26	0
99	7	35	0	0	0	0	21	0
100	5	35	0	0	0	0	24	0
101	4	35	0	0	0	0	25	0
102	7	35	0	0	0	0	29	0
103	5	35	0	0	0	0	19	0
104	8	35	0	0	0	0	20	0
105	5	35	0	0	0	0	27	0
106	6	35	0	0	0	0	24	0
107	5	34	0	0	0	0	24	0
108	7	35	0	0	0	0	24	0
109	5	35	0	0	0	0	23	0
110	4	34	0	0	0	0	29	0
111	6	34	0	0	0	0	19	0
112	4	33	0	0	0	0	22	0
113	7	32	0	0	0	0	30	0
114	8	35	0	0	0	0	20	0
115	4	34	0	0	0	0	27	0
116	5	35	0	0	0	0	24	0
117	7	34	0	0	0	0	22	0
118	8	35	0	0	0	0	23	0
119	8	34	0	0	0	0	19	0
120	4	35	0	0	0	0	20	0
121	4	34	0	0	0	0	21	0
122	4	35	0	0	0	0	26	0
123	3	34	0	0	0	0	28	0
124	8	34	0	0	0	0	24	0
125	5	35	0	0	0	0	21	0
126	7	35	0	0	0	0	22	0
127	4	34	0	0	0	0	22	0
128	8	35	0	0	0	0	21	0
129	8	35	0	0	0	0	17	0
130	7	34	0	0	0	0	21	0
131	4	35	0	0	0	0	29	0
132	8	35	0	0	0	0	27	0
133	5	35	0	0	0	0	24	0
134	6	34	0	0	0	0	22	0
135	7	35	0	0	0	0	25	0
136	7	35	0	0	0	0	21	0
137	6	35	0	0	0	0	21	0
138	6	34	0	0	0	0	27	0
139	7	35	0	0	0	0	26	0
140	5	35	0	0	0	0	27	0
141	7	35	0	0	0	0	17	0
142	11	34	0	0	0	0	18	0
143	8	34	0	0	0	0	24	0
144	7	35	0	0	0	0	22	0
145	10	34	0	0	0	0	20	0
146	2	34	0	0	0	0	27	0
147	5	35	0	0	0	0	26	0
148	6	34	0	0	0	0	23	0
149	7	35	0	0	0	0	21	0
150	3	33	0	0	0	0	26	0
151	9	34	0	0	0	0	22	0
152	5	35	0	0	0	0	22	0
153	5	34	0	1	0	0	26	0
154	6	35	0	0	0	0	24	0
155	6	35	0	0	0	0	22	0
156	7	35	0	0	0	0	20	0
157	3	35	0	0	0	0	19	0
158	7	35	0	0	0	0	27	0
159	5	35	0	0	0	0	25	0
160	7	35	0	0	0	0	23	0
161	6	35	0	0	0	0	22	0
162	4	34	0	0	0	0	21	0
163	5	35	0	0	0	0	22	0
164	3	35	0	0	0	0	26	0
165	11	34	0	0	0	0	19	0
166	4	35	0	0	0	0	26	0
167	4	36	0	0	0	0	26	0
168	4	33	0	0	0	0	25	0
169	5	34	0	0	0	0	29	0
170	6	34	0	0	0	0	22	0
171	5	35	0	0	0	0	27	0
172	9	34	0	0	0	0	21	0
173	6	35	0	0	0	0	25	0
174	6	34	0	0	0	0	23	0
175	5	34	0	0	0	0	27	0
176	4	35	0	0	0	0	21	0
177	3	35	0	0	0	0	27	0
178	12	35	0	0	0	0	20	0
179	4	35	0	0	0	0	23	0
180	6	34	0	0	0	0	25	0
181	6	34	0	0	0	0	27	0
182	5	35	0	0	0	0	21	0
183	5	36	0	0	0	0	28	0
184	4	35	0	0	0	0	23	0
185	9	35	0	0	0	0	23	0
186	6	34	0	0	0	0	22	0
187	7	33	0	0	0	0	23	0
188	3	35	0	0	0	0	31	0
189	9	34	0	0	0	0	19	0
190	5	35	0	0	0	0	21	0
191	5	34	0	0	0	0	25	0
192	5	35	0	0	0	0	24	0
193	2	35	0	0	0	0	27	0
194	4	35	0	0	0	0	24	0
195	6	34	0	0	0	0	23	0
196	6	35	0	0	0	0	19	0
197	5	35	0	0	0	0	25	0
198	8	35	0	0	0	0	23	0
199	4	35	0	0	0	0	25	0
200	5	35	0	0	0	0	30	0
201	5	35	0	0	0	0	25	0
202	4	35	0	0	0	0	25	0
203	8	35	0	0	0	0	26	0
204	4	34	0	0	0	0	25	0
205	8	35	0	0	0	0	21	0
206	7	35	0	0	0	0	19	0
207	3	35	0	0	0	0	26	0
208	6	35	0	0	0	0	24	0
209	14	34	0	0	0	0	16	0
210	4	35	0	0	0	0	23	0
211	3	36	0	0	0	0	30	0
212	6	34	0	0	0	0	21	0
213	7	35	0	0	0	0	19	0
214	3	33	0	0	0	0	30	0
215	10	34	0	0	0	0	20	0
216	5	35	0	0	0	0	25	0
217	5	35	0	0	0	0	22	0
218	5	35	0	0	0	0	24	0
219	2	35	0	0	0	0	25	0
220	8	35	0	0	0	0	23	0
221	8	32	0	0	0	0	21	0
222	9	34	0	0	0	0	21	0
223	6	35	0	0	0	0	21	0
224	4	35	0	0	0	0	26	0
225	7	34	0	0	0	0	24	0
226	8	34	0	0	0	0	22	0
227	6	35	0	0	0	0	23	0
228	6	34	0	0	0	0	27	0
229	8	34	0	0	0	0	20	0
230	4	34	0	0	0	0	24	0
231	10	35	0	0	0	0	26	0
232	3	35	0	0	0	0	22	0
233	5	35	0	0	0	1	22	0
234	6	35	0	0	0	0	29	0
235	4	35	0	0	0	0	24	0
236	6	35	0	0	0	0	25	0
237	7	35	0	0	0	0	22	0
238	5	35	0	0	0	0	26	0
239	8	35	0	0	0	0	26	0
240	5	33	0	0	0	0	24	0
241	4	35	0	0	0	0	24	0
242	6	34	0	0	0	0	21	0
243	7	33	0	0	0	0	19	1
244	3	35	0	0	0	0	27	0
245	5	35	0	0	0	0	28	0
246	7	34	0	0	0	0	22	0
247	11	36	0	0	0	0	23	0
248	5	34	0	0	0	0	24	0
249	6	35	0	1	0	0	24	0
250	5	35	0	0	0	0	21	0
251	5	35	0	0	0	0	27	0
252	6	35	0	0	0	0	27	0
253	3	35	0	0	0	0	29	0
254	7	32	0	0	0	0	18	0
255	6	35	0	0	0	0	20	1
256	3	35	0	0	0	0	30	0
257	5	35	0	0	0	0	19	0
258	3	35	0	0	0	0	25	0
259	5	35	0	0	0	0	24	0
260	10	35	0	0	0	0	20	0
261	8	35	0	0	0	0	23	0
262	5	35	0	0	0	0	23	0
263	3	34	0	0	0	0	27	0
264	8	34	0	0	0	0	26	0
265	5	35	0	0	0	0	23	0
266	5	35	0	0	0	0	24	0
267	3	34	0	0	0	0	22	0
268	5	34	0	0	0	0	26	0
269	4	35	0	0	2	0	22	0
270	4	34	0	0	0	0	22	0
271	5	34	0	0	0	0	27	0
272	9	35	0	0	0	0	22	0
273	4	35	0	0	0	0	27	0
274	7	34	0	0	0	0	21	0
275	10	35	0	0	0	0	22	0
276	2	35	0	0	0	0	26	0
277	7	35	0	0	0	0	19	0
278	5	35	0	0	0	0	22	0
279	7	35	0	0	0	0	22	0
280	7	35	0	0	0	0	19	0
281	5	35	0	0	0	0	26	0
282	5	35	0	0	0	0	24	0
283	6	34	0	0	0	0	24	0
284	14	35	0	0	0	0	12	0
285	2	35	0	0	0	0	26	0
286	6	35	0	0	0	0	21	0
287	7	35	0	0	0	1	22	0
288	2	34	0	0	0	0	27	0
289	9	35	0	0	0	0	18	0
290	7	34	0	0	0	0	17	0
291	2	35	0	0	0	0	26	0
292	5	35	0	0	0	0	23	0
293	11	34	0	0	0	0	20	0
294	5	35	0	0	0	0	25	0
295	6	35	0	0	0	0	24	0
296	3	35	0	0	0	0	29	0
297	4	34	0	0	0	0	24	0
298	5	35	0	0	0	0	25	0
299	9	35	0	0	0	0	16	0
300	4	35	0	0	0	0	28	0
301	7	35	0	0	0	0	22	0
302	5	35	0	0	0	0	27	0
303	5	35	0	0	0	0	27	0
304	9	35	0	0	0	0	19	0
305	5	35	0	0	0	0	29	0
306	2	34	0	0	0	0	23	0
307	8	35	0	0	0	0	20	0
308	5	34	0	0	0	0	21	0
309	9	32	0	0	0	0	21	0
310	11	34	0	0	0	0	21	0
311	6	35	0	0	0	0	22	0
312	6	35	0	0	0	0	24	0
313	5	35	0	0	0	0	23	0
314	2	34	0	0	0	0	24	0
315	10	32	0	0	0	0	18	0
316	3	33	0	0	0	0	28	0
317	9	35	0	0	0	0	23	0
318	7	34	0	0	0	0	22	0
319	5	34	0	0	0	0	19	0
320	5	35	0	0	0	0	25	0
321	4	34	0	0	0	0	25	0
322	6	34	0	0	0	0	24	0
323	9	34	0	0	0	0	19	0
324	2	34	0	0	0	0	29	0
325	5	34	0	0	0	0	24	0
326	3	35	0	0	0	0	26	0
327	2	35	0	0	0	0	30	0
328	8	33	0	0	0	0	21	0
329	6	34	0	0	0	0	22	0
330	5	35	0	0	0	0	22	0
331	9	34	0	0	0	0	21	0
332	9	34	0	0	0	0	19	0
333	6	34	0	0	0	0	22	0
334	4	35	0	0	0	0	20	0
335	8	35	0	0	0	0	26	0
336	4	35	0	0	0	0	23	0
337	5	35	0	0	0	0	19	0
338	6	33	0	0	0	0	23	0
339	4	35	0	0	0	0	22	0
340	3	35	0	0	0	0	26	0
341	8	35	0	0	0	0	20	1
342	6	35	0	0	0	0	22	0
343	5	35	0	0	0	0	26	0
344	5	35	0	0	0	0	20	0
345	8	35	0	0	0	0	21	0
346	5	33	0	0	0	0	20	0
347	5	35	0	0	0	0	25	0
348	5	35	0	0	0	0	25	0
349	7	34	0	0	0	0	22	0
350	4	35	0	0	0	0	28	0
351	4	34	0	0	0	0	26	0
352	5	36	0	0	0	0	25	0
353	6	35	0	0	0	0	22	0
354	5	34	0	0	0	0	25	0
355	4	35	0	0	0	0	30	0
356	7	34	0	0	0	0	22	0
357	9	34	0	0	0	0	17	0
358	6	35	0	0	0	0	25	0
359	2	35	0	0	0	0	27	0
360	5	34	0	0	0	0	25	0
361	6	35	0	0	0	0	18	0
362	3	34	0	0	0	0	24	1
363	7	35	0	0	0	0	23	0
364	7	34	0	0	0	0	24	0
365	5	35	0	0	0	0	28	0
366	6	34	0	0	0	0	22	0
367	5	34	0	0	0	0	23	1
368	5	36	0	0	0	0	20	0
369	8	34	0	0	0	0	22	0
370	4	35	0	0	0	0	29	0
371	4	33	0	0	0	0	28	0
372	6	34	0	0	0	0	25	0
373	8	34	0	0	0	0	20	0
374	5	35	0	0	0	0	26	0
375	5	34	0	0	0	0	23	0
376	5	35	0	0	0	0	23	0
377	4	34	0	0	0	0	25	0
378	4	35	0	0	0	0	25	0
379	2	32	0	0	0	0	25	0
380	3	33	0	0	0	0	23	0
381	3	35	0	0	0	0	28	0
382	7	34	0	0	0	0	20	0
383	5	35	1	0	0	0	20	0
384	4	34	0	0	0	0	27	0
385	4	35	0	0	0	0	27	0
386	5	35	0	0	0	0	27	0
387	5	34	0	0	0	0	24	0
388	5	34	0	0	0	0	28	0
389	5	33	0	0	0	0	28	0
390	5	34	0	0	0	0	23	0
391	6	33	0	0	0	0	27	0
392	2	35	0	0	0	0	28	0
393	7	34	0	0	0	0	27	0
394	4	35	0	0	0	0	29	0
395	6	35	0	0	0	0	24	0
396	8	35	0	0	0	0	24	0
397	4	34	0	0	0	0	23	0
398	7	34	0	0	0	0	22	0
399	6	35	0	0	0	0	23	0
400	6	33	0	0	0	0	26	0
401	3	35	0	0	0	0	26	0
402	9	34	0	0	0	0	17	0
403	3	34	0	0	0	0	22	0
404	3	34	0	0	0	0	27	0
405	3	34	0	0	0	0	22	0
406	9	34	0	0	0	0	22	0
407	5	34	0	0	0	0	20	0
408	6	35	0	0	0	0	25	0
409	5	33	0	0	0	0	23	0
410	11	34	0	0	0	0	15	0
411	4	34	0	0	0	0	27	0
412	7	34	0	0	0	0	18	0
413	6	34	0	0	0	0	20	0
414	10	34	0	0	0	0	19	0
415	8	34	0	0	0	0	14	0
416	6	34	0	0	0	0	22	0
417	6	34	0	0	0	0	24	0
418	7	34	0	0	0	1	20	0
419	8	35	0	0	0	1	20	0
420	3	34	0	0	0	0	30	0
421	6	35	0	0	0	0	19	0
422	6	35	0	0	0	0	19	0
423	3	35	0	0	0	0	26	0
424	6	35	0	0	0	0	28	0
425	5	35	0	0	0	0	24	0
426	9	35	0	0	0	0	20	0
427	3	34	0	0	0	0	27	0
428	7	35	0	0	0	0	25	0
429	7	35	0	0	0	0	23	0
430	5	35	0	0	0	0	22	0
431	5	35	0	0	0	0	24	0
432	7	35	0	0	0	0	21	0
433	4	33	0	0	0	0	28	0
434	5	35	0	0	0	0	22	0
435	6	35	0	0	0	0	20	0
436	6	34	0	0	0	0	23	0
437	6	35	0	0	0	0	24	0
438	3	34	0	0	0	0	28	0
439	3	33	0	0	0	0	27	0
440	6	34	0	0	0	0	19	0
441	10	35	0	0	0	0	19	0
442	4	34	0	0	0	0	25	0
443	5	33	0	0	0	0	25	0
444	5	34	0	0	0	0	25	0
445	3	35	0	0	0	0	23	0
446	7	35	0	0	0	0	20	0
447	3	34	0	0	0	0	29	0
448	6	35	0	0	0	0	25	0
449	5	35	0	0	0	0	25	0
450	5	34	0	0	0	0	31	0
451	10	34	0	0	0	0	16	0
452	7	35	0	0	0	0	26	0
453	7	35	0	0	0	0	21	0
454	9	34	0	0	0	0	24	0
455	4	33	0	0	0	0	30	0
456	3	34	0	0	0	0	26	0
457	6	33	0	0	0	0	25	0
458	6	35	0	0	0	0	25	0
459	3	35	0	0	0	0	27	0
460	8	35	0	0	0	0	22	0
461	8	34	0	0	0	0	16	0
462	5	35	0	0	0	0	24	0
463	6	34	0	0	0	0	23	0
464	6	34	0	0	0	0	23	0
465	4	35	0	0	0	0	25	0
466	7	35	0	0	0	0	18	0
467	7	35	0	0	0	0	23	0
468	6	34	0	0	0	0	25	0
469	3	35	0	0	0	0	23	0
470	4	35	0	0	0	0	20	0
471	3	35	0	0	0	0	24	0
472	4	34	0	0	0	0	25	0
473	6	34	0	0	0	0	28	0
474	6	35	0	0	0	0	24	0
475	7	34	0	0	0	0	20	0
476	6	34	0	0	0	0	29	0
477	3	32	0	0	0	0	20	0
478	9	35	0	0	0	0	19	0
479	4	35	0	0	0	0	27	0
480	4	35	0	0	0	0	25	0
481	9	34	0	0	0	0	18	0
482	8	35	0	0	0	0	24	0
483	4	35	0	0	0	0	26	0
484	6	34	0	0	0	0	24	0
485	4	34	0	0	0	0	24	0
486	5	35	0	0	0	0	21	0
487	7	34	0	0	0	0	20	0
488	7	33	0	0	0	0	25	0
489	8	35	0	0	0	0	23	0
490	2	34	0	0	0	0	28	0
491	3	35	0	0	0	0	22	0
492	4	34	0	1	0	0	24	0
493	11	35	0	0	0	0	19	0
494	5	35	0	0	0	0	24	0
495	3	34	0	0	0	0	27	0
496	5	34	0	0	0	1	23	0
497	8	35	0	0	0	0	20	0
498	6	35	0	0	0	0	22	0
499	6	35	0	0	0	0	24	0
500	2	35	0	0	0	0	28	0
501	2	34	0	0	0	0	25	0
502	6	34	0	0	0	0	22	0
503	3	35	0	0	0	0	26	0
504	10	35	0	0	0	0	15	0
505	5	34	0	0	0	0	20	0
506	6	35	0	0	0	0	26	0
507	5	35	0	0	0	0	26	0
508	3	35	0	0	0	0	26	0
509	6	35	0	0	0	0	30	0
510	7	34	0	0	0	0	25	0
511	3	35	0	0	0	0	23	0
512	7	34	0	0	0	0	22	0
513	4	34	0	0	0	0	22	0
514	11	35	0	0	0	0	17	0
515	6	35	0	0	0	0	24	0
516	9	34	0	0	0	0	22	0
517	3	35	0	0	0	0	28	0
518	3	35	0	0	0	0	24	0
519	7	35	0	0	0	0	18	0
520	6	34	0	0	0	0	23	0
521	8	35	0	0	0	0	20	0
522	7	35	0	0	0	0	20	0
523	4	35	0	0	0	0	23	0
524	3	35	0	0	0	0	27	0
525	3	34	0	0	0	0	24	0
526	10	35	0	0	0	0	19	0
527	8	34	0	0	0	0	20	0
528	4	34	0	0	0	0	23	0
529	4	35	0	0	0	0	29	0
530	6	35	0	0	0	0	26	0
531	11	35	0	0	0	0	19	0
532	10	35	0	0	0	0	20	0
533	4	35	0	0	0	0	23	0
534	3	34	0	0	0	0	27	0
535	11	35	0	0	0	0	17	0
536	3	34	0	0	0	0	27	0
537	8	35	0	0	0	0	23	0
538	9	34	0	0	0	0	18	0
539	5	35	0	0	0	0	23	0
540	7	35	0	0	0	0	26	0
541	7	35	0	0	0	0	25	0
542	7	35	0	0	0	0	24	0
543	5	35	0	0	0	0	26	0
544	4	35	0	0	0	0	25	0
545	6	34	0	0	0	0	24	0
546	6	35	0	0	0	0	23	0
547	10	35	0	0	0	0	23	0
548	5	35	0	0	0	0	21	0
549	3	34	0	0	0	0	27	0
550	2	33	0	0	0	0	29	0
551	4	34	0	0	0	0	27	0
552	6	35	0	0	0	0	21	0
553	6	35	0	0	0	0	22	0
554	9	35	0	0	0	0	25	0
555	5	35	0	0	0	0	20	0
556	7	35	0	0	0	0	23	0
557	8	34	0	0	0	0	26	0
558	6	35	0	0	0	0	25	0
559	6	35	0	0	0	0	23	0
560	3	33	0	0	0	0	25	0
561	6	34	0	0	0	0	29	0
562	2	35	0	0	0	0	26	0
563	8	35	0	0	0	0	25	0
564	9	35	0	0	0	0	20	0
565	4	35	0	0	0	0	25	0
566	9	35	0	0	0	0	21	0
567	5	35	0	0	0	0	23	0
568	4	34	0	0	0	0	26	0
569	9	35	0	0	0	0	21	0
570	6	35	0	0	0	0	27	0
571	5	35	0	0	0	0	24	0
572	3	33	0	0	0	0	21	0
573	4	34	0	0	0	0	26	0
574	2	34	0	0	0	1	27	0
575	10	35	0	0	0	0	24	0
576	7	34	0	0	0	0	23	0
577	11	34	0	0	0	0	20	0
578	8	35	0	0	0	0	16	0
579	6	34	0	0	0	0	20	0
580	6	35	0	0	0	0	23	0
581	6	35	0	0	0	0	23	0
582	8	35	0	0	0	0	20	0
583	5	35	0	0	0	0	22	0
584	4	34	0	0	0	0	24	0
585	7	35	0	0	0	0	19	0
586	4	34	0	0	0	0	28	0
587	5	34	0	0	0	0	26	0
588	11	34	0	0	0	0	20	0
589	6	34	0	0	0	0	23	0
590	6	34	0	0	0	0	22	0
591	5	34	0	0	0	0	24	0
592	3	35	0	0	0	0	24	0
593	4	35	0	0	0	0	25	0
594	8	34	0	0	0	0	23	0
595	5	36	0	0	0	0	27	0
596	4	35	0	0	0	0	26	0
597	3	35	0	0	0	0	29	0
598	6	34	0	0	0	0	22	0
599	5	34	0	0	0	0	26	0
600	4	33	0	0	0	0	29	0
601	4	35	0	0	0	0	22	0
602	5	34	0	0	0	0	23	0
603	3	35	0	0	0	0	30	0
604	7	34	0	0	0	0	23	0
605	7	35	0	0	0	0	26	0
606	6	34	0	0	0	0	21	0
607	2	34	0	0	0	0	24	0
608	4	34	0	0	0	0	23	0
609	4	34	0	0	0	0	24	0
610	9	34	0	0	0	0	20	0
611	4	35	0	0	0	0	22	0
612	6	35	0	0	0	0	21	0
613	5	35	0	0	0	0	25	0
614	8	35	0	0	0	0	21	0
615	3	35	0	0	0	0	23	0
616	6	35	0	0	0	0	23	0
617	7	35	0	0	0	0	19	0
618	5	35	0	0	0	0	25	0
619	6	34	0	0	0	0	25	0
620	4	35	0	0	0	0	26	0
621	12	34	0	0	0	0	16	0
622	4	35	0	0	0	0	25	0
623	7	35	0	0	0	0	24	0
624	2	35	0	0	0	0	24	0
625	3	34	0	0	0	0	27	0
626	6	35	0	0	0	0	24	0
627	5	34	0	0	0	0	22	0
628	9	34	0	0	0	0	18	0
629	10	35	0	0	0	0	21	0
630	11	35	0	0	0	0	20	1
631	3	35	0	0	0	0	28	0
632	3	35	0	0	0	0	24	0
633	4	34	0	0	0	0	20	0
634	5	35	0	0	0	0	20	0
635	7	35	0	0	0	0	22	0
636	8	35	0	0	0	0	21	0
637	8	34	0	0	0	0	23	0
638	5	35	0	0	0	0	29	0
639	6	35	0	0	0	0	23	0
640	4	35	0	0	0	0	24	0
641	4	34	0	0	0	0	26	0
642	4	35	0	0	0	0	22	0
643	5	34	0	0	0	0	24	0
644	6	35	0	0	0	0	23	0
645	8	34	0	0	0	0	23	0
646	6	34	0	0	0	0	23	0
647	7	35	0	0	0	0	23	0
648	4	35	0	0	0	0	29	0
649	7	35	0	0	0	0	19	0
650	3	32	0	0	0	0	25	0
651	5	35	0	0	0	0	22	0
652	8	35	0	0	0	0	17	0
653	7	35	0	0	0	0	20	0
654	3	35	0	0	0	0	24	0
655	3	35	0	0	0	0	22	0
656	11	34	0	0	0	0	19	0
657	5	35	0	0	0	0	22	0
658	2	34	0	0	0	1	24	0
659	11	35	0	0	0	0	22	0
660	7	35	0	0	0	0	25	0
661	6	35	0	0	0	0	25	0
662	7	35	0	0	0	0	24	0
663	6	34	0	0	0	0	23	0
664	3	35	0	0	0	0	26	0
665	10	34	0	0	0	0	16	0
666	7	34	0	0	0	0	24	0
667	12	35	0	0	0	0	19	0
668	8	35	0	0	0	0	18	0
669	9	34	0	0	0	0	18	0
670	6	34	0	0	0	0	22	0
671	6	34	0	0	0	0	21	0
672	6	35	0	0	0	0	20	0
673	5	34	0	0	0	0	27	0
674	9	34	0	0	0	0	18	0
675	12	35	0	0	0	0	19	0
676	7	34	0	0	0	0	23	0
677	8	35	0	0	0	0	20	0
678	7	34	0	0	0	0	25	0
679	13	35	0	0	0	0	20	0
680	3	35	0	0	0	0	31	0
681	6	35	0	0	0	0	25	0
682	5	33	0	0	0	0	26	0
683	5	33	0	0	0	0	20	0
684	3	35	0	0	0	0	26	0
685	5	35	0	0	0	0	28	0
686	8	35	0	0	0	0	22	0
687	6	35	0	0	0	0	26	0
688	7	34	0	0	0	0	20	0
689	4	35	0	0	0	0	26	0
690	3	35	0	0	0	0	26	0
691	4	34	0	0	0	0	24	0
692	3	35	0	0	0	0	26	0
693	4	35	0	0	0	0	27	0
694	7	33	0	0	0	0	19	0
695	9	34	0	0	0	0	26	0
696	5	34	0	0	0	0	26	0
697	4	34	0	0	0	0	27	0
698	6	35	0	0	0	0	23	0
699	3	34	0	0	0	0	23	0
700	9	35	0	0	0	0	17	0
701	2	34	0	0	0	0	25	0
702	6	35	0	0	0	0	21	0
703	4	34	0	0	0	0	19	0
704	6	35	0	1	0	0	24	0
705	4	34	0	0	0	0	27	0
706	6	34	0	0	0	0	24	0
707	8	33	0	0	0	0	18	0
708	4	34	0	0	0	0	25	0
709	7	35	0	0	0	0	20	0
710	4	32	0	0	0	0	26	0
711	7	35	0	0	0	0	22	0
712	9	35	0	0	0	0	19	0
713	5	34	0	0	0	0	21	0
714	6	35	0	0	0	0	23	1
715	5	35	0	0	0	0	26	0
716	3	34	0	0	0	0	28	0
717	4	35	0	0	0	0	23	0
718	3	35	0	0	0	0	25	0
719	6	34	0	0	0	0	21	0
720	3	35	0	0	0	0	26	0
721	7	35	0	0	0	0	22	0
722	10	35	0	0	0	0	20	0
723	8	34	0	1	0	0	19	0
724	6	34	0	0	0	0	26	0
725	6	35	0	0	0	0	26	0
726	6	34	0	0	0	0	25	0
727	7	35	0	0	0	0	21	0
728	9	34	0	0	0	0	20	0
729	4	35	0	0	0	0	25	0
730	4	34	0	0	0	0	25	0
731	5	35	0	0	0	0	24	0
732	3	34	0	0	0	0	31	0
733	3	35	0	0	0	0	21	0
734	6	34	0	0	0	0	20	0
735	6	35	0	0	0	0	18	0
736	3	35	0	0	0	0	27	0
737	7	35	0	0	0	0	25	0
738	5	34	0	0	0	0	32	0
739	12	35	0	0	0	0	15	0
740	7	34	0	0	0	0	24	0
741	7	35	0	0	0	0	25	0
742	5	35	0	0	0	0	28	0
743	5	35	0	0	0	0	27	0
744	5	35	0	0	0	0	28	0
745	6	34	0	0	0	0	21	0
746	3	35	0	0	0	0	25	0
747	4	34	0	0	1	0	21	0
748	6	34	0	0	0	0	23	0
749	10	35	0	0	0	0	19	0
750	8	35	0	1	0	0	20	0
751	8	35	0	0	0	0	20	0
752	7	34	0	0	0	0	22	0
753	9	35	0	0	0	0	18	0
754	3	34	0	0	0	0	23	0
755	3	35	0	0	0	0	28	0
756	7	34	0	0	0	0	23	0
757	6	34	0	0	0	0	22	0
758	3	33	0	0	0	0	26	0
759	7	34	0	0	0	0	23	0
760	6	34	0	0	0	0	23	0
761	4	35	0	0	0	0	23	0
762	8	35	0	1	0	0	26	0
763	7	35	0	0	0	0	26	0
764	5	35	0	0	0	0	22	0
765	7	35	0	0	0	0	23	0
766	10	34	0	0	0	0	22	0
767	4	35	0	0	0	0	27	0
768	4	35	0	0	0	0	28	0
769	7	34	0	0	0	0	18	0
770	6	34	0	0	0	0	21	0
771	6	35	0	0	0	0	19	0
772	3	35	0	0	0	0	24	0
773	5	35	0	0	0	0	23	0
774	7	34	0	0	0	0	21	0
775	9	35	0	0	0	0	21	0
776	4	35	0	0	0	0	25	0
777	7	35	0	0	0	0	18	0
778	3	34	0	0	0	0	24	0
779	9	33	0	0	0	0	23	0
780	4	35	0	0	0	0	22	0
781	3	34	0	0	0	0	24	0
782	6	35	0	0	0	0	21	0
783	4	35	0	0	0	0	22	0
784	5	34	0	0	0	0	29	0
785	3	34	0	0	0	0	24	0
786	5	34	0	0	0	0	22	0
787	6	35	0	0	0	0	24	0
788	4	33	0	0	0	0	29	0
789	9	35	0	0	0	0	21	0
790	7	35	0	0	0	0	22	1
791	5	33	0	0	0	0	27	0
792	7	34	0	0	0	0	22	0
793	7	35	0	0	0	0	21	0
794	3	35	0	0	0	0	27	0
795	4	35	0	0	0	0	21	0
796	3	34	0	0	0	1	28	0
797	5	35	0	0	0	0	21	0
798	6	35	0	0	0	0	26	0
799	13	35	0	0	0	0	16	0
800	3	34	0	0	0	0	27	0
801	8	34	0	0	0	0	23	0
802	3	35	0	0	0	0	27	0
803	6	34	0	0	0	0	20	0
804	4	35	0	0	0	0	25	0
805	11	33	0	0	0	0	16	0
806	4	34	0	0	0	0	29	0
807	8	34	0	0	0	0	22	0
808	4	35	0	0	0	0	23	0
809	6	34	0	0	0	0	22	0
810	4	35	0	0	0	0	25	0
811	6	34	0	0	0	0	20	0
812	8	34	0	0	0	0	20	0
813	4	34	0	0	0	0	22	0
814	6	34	0	0	0	0	24	0
815	5	35	0	1	0	0	23	0
816	6	35	0	0	0	0	23	0
817	2	34	0	0	0	0	22	0
818	8	33	0	0	0	0	20	0
819	6	35	0	0	0	0	18	0
820	4	34	0	0	0	0	26	0
821	7	34	0	0	0	0	18	0
822	5	35	0	0	0	0	23	0
823	8	35	0	0	0	0	26	0
824	6	35	0	0	0	0	25	0
825	2	35	0	0	0	0	26	0
826	6	35	0	0	0	0	22	0
827	2	33	0	0	0	0	28	0
828	3	35	0	0	0	0	27	0
829	9	34	0	0	0	0	21	0
830	7	34	0	0	0	0	26	0
831	5	34	0	0	0	1	27	0
832	9	35	0	0	0	0	22	0
833	3	33	0	0	0	0	30	0
834	6	35	0	0	0	0	23	0
835	3	35	0	0	0	0	22	0
836	5	35	0	0	0	0	26	0
837	4	35	0	0	0	0	19	0
838	5	34	0	0	0	0	30	0
839	4	35	0	0	0	0	26	0
840	2	35	0	0	0	0	28	0
841	4	33	0	0	0	0	24	0
842	8	34	0	1	0	0	19	0
843	6	34	0	0	0	0	21	0
844	3	35	0	0	0	0	24	0
845	6	34	0	0	0	1	19	0
846	7	34	0	0	0	0	24	0
847	7	34	0	0	0	0	22	0
848	4	35	0	0	0	0	27	0
849	4	35	0	0	0	0	24	0
850	6	35	0	0	0	0	25	0
851	5	35	0	0	0	0	22	0
852	9	35	0	0	0	0	15	0
853	5	35	0	0	0	0	25	0
854	4	35	0	0	0	0	27	0
855	7	34	0	0	0	0	23	0
856	4	35	0	0	0	0	27	0
857	2	34	0	0	0	0	27	0
858	6	35	0	0	0	0	25	0
859	6	34	0	0	0	0	24	0
860	4	34	0	0	0	0	26	0
861	7	35	0	0	0	0	23	0
862	7	35	0	0	0	0	23	0
863	6	35	0	0	0	0	19	0
864	5	34	0	0	0	0	24	0
865	9	33	0	0	0	0	21	0
866	5	35	0	0	0	0	27	0
867	7	34	0	0	0	0	24	0
868	11	34	0	0	0	0	18	0
869	5	35	0	0	0	0	25	0
870	7	35	0	0	0	0	23	0
871	3	34	0	0	0	1	25	0
872	6	35	0	0	0	0	25	0
873	6	35	0	0	0	0	22	0
874	5	34	0	0	0	0	24	0
875	7	35	0	0	0	0	24	0
876	6	35	0	0	0	0	23	0
877	8	35	0	0	0	0	18	0
878	3	35	0	0	0	0	29	0
879	7	34	0	0	0	0	25	0
880	6	35	0	0	0	0	23	0
881	3	34	0	0	0	0	30	0
882	7	35	0	0	0	0	19	1
883	10	35	0	0	0	0	18	0
884	2	34	0	0	0	0	27	0
885	4	35	0	0	0	0	24	0
886	6	35	0	0	0	0	25	0
887	7	34	0	0	0	0	23	0
888	7	34	0	0	0	0	23	0
889	6	35	0	0	0	0	26	0
890	4	35	0	0	0	0	30	0
891	3	35	0	0	0	0	25	0
892	5	35	0	0	0	0	25	0
893	5	35	0	0	0	0	26	0
894	6	34	0	0	0	0	26	0
895	7	35	0	0	0	0	28	0
896	3	35	0	0	0	0	20	0
897	8	35	0	0	0	0	24	0
898	6	35	0	1	0	0	23	0
899	5	34	0	0	0	0	25	0
900	6	35	0	1	0	0	23	0
901	5	35	0	0	0	0	26	1
902	9	35	0	0	0	0	18	0
903	4	35	0	0	0	0	26	0
904	10	34	0	0	0	0	19	0
905	6	34	0	0	0	0	26	0
906	4	35	0	0	0	0	30	0
907	10	35	0	0	0	0	19	0
908	10	34	0	0	0	0	18	0
909	5	35	0	0	0	0	24	0
910	8	35	0	0	0	0	16	0
911	10	34	0	0	0	0	19	0
912	5	35	0	0	0	0	22	0
913	7	35	0	0	0	0	25	0
914	7	35	0	1	0	0	23	0
915	4	34	0	0	0	0	26	0
916	3	35	0	0	0	0	25	0
917	6	34	0	0	0	0	26	0
918	7	35	0	0	0	0	18	0
919	3	35	0	0	0	1	24	0
920	2	35	0	0	0	0	30	0
921	6	34	0	0	0	0	21	0
922	7	34	0	0	0	0	26	0
923	4	34	0	0	0	0	26	0
924	11	35	0	0	0	0	19	0
925	4	35	0	0	0	0	24	0
926	4	34	0	0	0	0	26	0
927	7	35	0	0	0	0	22	0
928	11	35	0	0	0	0	20	0
929	5	34	0	0	0	0	24	0
930	7	35	0	0	0	0	18	0
931	10	35	0	0	0	0	17	0
932	7	35	0	0	0	0	22	0
933	9	35	0	0	0	0	19	0
934	8	35	0	0	0	0	20	0
935	3	34	0	0	0	0	25	0
936	8	34	0	0	0	0	20	0
937	5	35	0	0	0	0	26	0
938	3	35	0	0	0	0	22	0
939	4	35	0	0	0	0	23	0
940	6	35	0	0	0	0	20	0
941	6	35	0	0	0	0	27	0
942	8	33	0	0	0	0	19	0
943	3	35	0	0	0	0	26	0
944	5	35	0	0	0	0	25	0
945	5	35	0	0	0	0	23	0
946	6	34	0	0	0	0	26	0
947	8	34	0	0	0	0	18	0
948	5	34	0	0	0	0	28	0
949	4	35	0	0	0	0	26	0
950	3	35	0	0	0	0	26	0
951	7	35	0	0	0	0	23	0
952	4	35	0	0	0	0	25	0
953	8	35	0	0	0	0	21	0
954	5	35	0	0	0	0	26	0
955	5	35	0	0	0	0	22	0
956	5	35	0	0	0	0	28	0
957	8	35	0	0	0	0	21	0
958	6	35	0	0	0	0	22	0
959	3	35	0	0	0	0	22	0
960	8	35	0	0	0	0	24	0
961	7	34	0	0	0	0	28	0
962	9	35	0	0	0	0	21	0
963	5	33	0	0	0	0	24	0
964	5	35	0	0	0	0	26	0
965	6	34	0	0	0	0	20	0
966	6	34	0	0	0	0	26	0
967	5	34	0	0	0	0	27	0
968	3	34	0	0	0	0	26	0
969	9	35	0	0	0	0	17	0
970	10	35	0	0	0	0	20	0
971	4	35	0	0	0	0	23	0
972	7	34	0	0	0	0	23	0
973	6	35	0	0	0	0	24	0
974	2	34	0	0	0	0	30	0
975	3	35	0	0	0	0	23	0
976	9	34	0	0	0	0	22	0
977	6	35	0	0	0	0	24	0
978	9	35	0	0	0	0	21	0
979	4	33	0	0	0	0	23	0
980	3	33	0	0	0	0	24	0
981	6	35	0	0	0	0	20	0
982	2	35	0	0	0	0	27	0
983	9	35	0	0	0	0	18	0
984	6	34	0	0	0	0	22	0
985	5	34	0	0	0	0	21	0
986	4	35	0	1	0	0	25	0
987	6	34	0	0	0	0	25	0
988	6	34	0	0	0	0	23	0
989	5	35	0	0	0	0	22	0
990	4	35	0	0	0	0	24	0
991	8	34	0	0	0	0	17	0
992	2	34	0	0	0	0	27	0
993	14	35	0	0	0	0	16	0
994	10	35	0	0	0	0	19	0
995	5	34	0	0	0	0	24	0
996	4	34	0	0	0	0	29	0
997	6	35	0	0	0	0	27	0
998	4	34	0	0	0	0	27	0
999	8	35	0	0	0	0	23	0
1000	7	35	0	0	0	0	24	0
